No	:	[A]	->	[B]	[s, c]
-----------------------------------------------------------------------------
1	:	[5]  ->  [29]  [0.3208, 0.8277]
2	:	[7]  ->  [61]  [0.3348, 0.8480]
3	:	[11]  ->  [61]  [0.4168, 0.8303]
4	:	[12]  ->  [100]  [0.4092, 0.8049]
5	:	[22]  ->  [85]  [0.3128, 0.8180]
6	:	[24]  ->  [61]  [0.4616, 0.8214]
7	:	[89]  ->  [24]  [0.3632, 0.8114]
8	:	[26]  ->  [40]  [0.3488, 0.8203]
9	:	[28]  ->  [100]  [0.3692, 0.8096]
10	:	[45]  ->  [29]  [0.3640, 0.8125]
11	:	[31]  ->  [85]  [0.4320, 0.8225]
12	:	[97]  ->  [40]  [0.3224, 0.8199]
13	:	[52]  ->  [76]  [0.3572, 0.8133]
14	:	[62]  ->  [61]  [0.3472, 0.8290]
15	:	[89]  ->  [61]  [0.3948, 0.8820]
16	:	[99]  ->  [61]  [0.3360, 0.8077]
17	:	[66]  ->  [85]  [0.4580, 0.8098]
18	:	[1, 50]  ->  [61]  [0.3060, 0.8352]
19	:	[2, 39]  ->  [61]  [0.3112, 0.8113]
20	:	[2, 85]  ->  [66]  [0.3128, 0.8104]
21	:	[2, 66]  ->  [85]  [0.3128, 0.8472]
22	:	[4, 39]  ->  [29]  [0.3008, 0.8112]
23	:	[4, 29]  ->  [39]  [0.3008, 0.8103]
24	:	[4, 29]  ->  [82]  [0.3004, 0.8093]
25	:	[6, 65]  ->  [40]  [0.3224, 0.8458]
26	:	[6, 40]  ->  [65]  [0.3224, 0.8267]
27	:	[6, 88]  ->  [65]  [0.3012, 0.8248]
28	:	[9, 82]  ->  [37]  [0.3020, 0.8215]
29	:	[9, 37]  ->  [82]  [0.3020, 0.8599]
30	:	[9, 100]  ->  [40]  [0.3032, 0.8366]
31	:	[9, 40]  ->  [100]  [0.3032, 0.8633]
32	:	[9, 85]  ->  [66]  [0.3152, 0.8698]
33	:	[9, 66]  ->  [85]  [0.3152, 0.8985]
34	:	[9, 85]  ->  [82]  [0.3032, 0.8366]
35	:	[9, 82]  ->  [85]  [0.3032, 0.8248]
36	:	[11, 37]  ->  [61]  [0.3024, 0.8690]
37	:	[11, 40]  ->  [61]  [0.3096, 0.8746]
38	:	[11, 50]  ->  [61]  [0.3040, 0.8983]
39	:	[11, 53]  ->  [61]  [0.3056, 0.8286]
40	:	[11, 65]  ->  [61]  [0.3056, 0.8295]
41	:	[11, 82]  ->  [61]  [0.3088, 0.8763]
42	:	[16, 100]  ->  [12]  [0.3048, 0.8158]
43	:	[12, 16]  ->  [100]  [0.3048, 0.8448]
44	:	[12, 29]  ->  [100]  [0.3016, 0.8667]
45	:	[12, 65]  ->  [100]  [0.3112, 0.8493]
46	:	[13, 95]  ->  [65]  [0.3060, 0.8567]
47	:	[16, 85]  ->  [66]  [0.3248, 0.8337]
48	:	[16, 66]  ->  [85]  [0.3248, 0.8741]
49	:	[16, 100]  ->  [85]  [0.3076, 0.8233]
50	:	[19, 24]  ->  [61]  [0.3008, 0.8704]
51	:	[19, 37]  ->  [61]  [0.3000, 0.8562]
52	:	[24, 29]  ->  [61]  [0.3024, 0.8504]
53	:	[24, 48]  ->  [85]  [0.3008, 0.8555]
54	:	[24, 68]  ->  [61]  [0.3092, 0.8725]
55	:	[24, 95]  ->  [61]  [0.3116, 0.8995]
56	:	[29, 84]  ->  [39]  [0.3096, 0.8468]
57	:	[29, 40]  ->  [65]  [0.3080, 0.8280]
58	:	[29, 66]  ->  [85]  [0.3060, 0.8547]
59	:	[31, 68]  ->  [85]  [0.3016, 0.8501]
60	:	[31, 82]  ->  [85]  [0.3208, 0.8736]
61	:	[85, 87]  ->  [31]  [0.3060, 0.8027]
62	:	[31, 87]  ->  [85]  [0.3060, 0.8664]
63	:	[31, 100]  ->  [85]  [0.3080, 0.8594]
64	:	[50, 84]  ->  [37]  [0.3040, 0.8342]
65	:	[50, 95]  ->  [37]  [0.3032, 0.8517]
66	:	[37, 95]  ->  [50]  [0.3032, 0.8311]
67	:	[37, 95]  ->  [61]  [0.3036, 0.8322]
68	:	[37, 88]  ->  [65]  [0.3004, 0.8289]
69	:	[38, 85]  ->  [66]  [0.3052, 0.8750]
70	:	[38, 66]  ->  [85]  [0.3052, 0.8267]
71	:	[53, 84]  ->  [39]  [0.3092, 0.8215]
72	:	[39, 53]  ->  [84]  [0.3092, 0.8111]
73	:	[39, 89]  ->  [61]  [0.3092, 0.9020]
74	:	[39, 88]  ->  [65]  [0.3008, 0.8156]
75	:	[68, 84]  ->  [39]  [0.3184, 0.8671]
76	:	[49, 65]  ->  [40]  [0.3144, 0.8256]
77	:	[40, 49]  ->  [65]  [0.3144, 0.8397]
78	:	[40, 67]  ->  [61]  [0.3124, 0.8317]
79	:	[65, 68]  ->  [40]  [0.3048, 0.8238]
80	:	[65, 87]  ->  [40]  [0.3000, 0.8343]
81	:	[65, 91]  ->  [40]  [0.3032, 0.8450]
82	:	[40, 91]  ->  [65]  [0.3032, 0.8366]
83	:	[66, 95]  ->  [40]  [0.3060, 0.8615]
84	:	[42, 67]  ->  [61]  [0.3028, 0.8762]
85	:	[42, 61]  ->  [67]  [0.3028, 0.8062]
86	:	[42, 85]  ->  [61]  [0.3012, 0.8158]
87	:	[42, 61]  ->  [85]  [0.3012, 0.8019]
88	:	[42, 85]  ->  [66]  [0.3220, 0.8722]
89	:	[42, 66]  ->  [85]  [0.3220, 0.9045]
90	:	[48, 85]  ->  [66]  [0.3036, 0.8057]
91	:	[48, 66]  ->  [85]  [0.3036, 0.8433]
92	:	[49, 65]  ->  [82]  [0.3108, 0.8162]
93	:	[49, 66]  ->  [85]  [0.3120, 0.8600]
94	:	[50, 85]  ->  [66]  [0.3056, 0.8313]
95	:	[50, 66]  ->  [85]  [0.3056, 0.8479]
96	:	[53, 100]  ->  [65]  [0.3072, 0.8170]
97	:	[53, 85]  ->  [66]  [0.3336, 0.8467]
98	:	[53, 66]  ->  [85]  [0.3336, 0.8528]
99	:	[60, 95]  ->  [61]  [0.3000, 0.8523]
100	:	[60, 85]  ->  [66]  [0.3092, 0.8052]
101	:	[60, 66]  ->  [85]  [0.3092, 0.8804]
102	:	[65, 96]  ->  [61]  [0.3024, 0.8226]
103	:	[67, 68]  ->  [61]  [0.3032, 0.8441]
104	:	[67, 84]  ->  [61]  [0.3056, 0.8546]
105	:	[67, 100]  ->  [61]  [0.3140, 0.8360]
106	:	[84, 100]  ->  [61]  [0.3072, 0.8249]
107	:	[96, 100]  ->  [61]  [0.3108, 0.8691]
108	:	[65, 67]  ->  [82]  [0.3008, 0.8139]
109	:	[85, 87]  ->  [66]  [0.3180, 0.8342]
110	:	[66, 87]  ->  [85]  [0.3180, 0.8746]
111	:	[66, 88]  ->  [85]  [0.3024, 0.8591]
112	:	[2, 24]  ->  [61]  [0.3076, 0.8350]
113	:	[2, 24]  ->  [85]  [0.3028, 0.8219]
114	:	[4, 82]  ->  [49]  [0.3048, 0.8072]
115	:	[4, 49]  ->  [82]  [0.3048, 0.8467]
116	:	[4, 85]  ->  [49]  [0.3024, 0.8200]
117	:	[4, 49]  ->  [85]  [0.3024, 0.8400]
118	:	[4, 85]  ->  [82]  [0.3104, 0.8416]
119	:	[4, 82]  ->  [85]  [0.3104, 0.8220]
120	:	[12, 85]  ->  [66]  [0.3280, 0.8342]
121	:	[12, 66]  ->  [85]  [0.3280, 0.9111]
122	:	[12, 66]  ->  [100]  [0.3020, 0.8389]
123	:	[12, 100]  ->  [85]  [0.3344, 0.8172]
124	:	[12, 85]  ->  [100]  [0.3344, 0.8505]
125	:	[13, 24]  ->  [61]  [0.3072, 0.8505]
126	:	[13, 24]  ->  [65]  [0.3004, 0.8317]
127	:	[13, 65]  ->  [40]  [0.3400, 0.8042]
128	:	[13, 40]  ->  [65]  [0.3400, 0.8647]
129	:	[13, 53]  ->  [65]  [0.3232, 0.8296]
130	:	[65, 66]  ->  [13]  [0.3080, 0.8097]
131	:	[13, 66]  ->  [65]  [0.3080, 0.8157]
132	:	[13, 85]  ->  [65]  [0.3232, 0.8088]
133	:	[13, 88]  ->  [65]  [0.3288, 0.8388]
134	:	[13, 100]  ->  [65]  [0.3252, 0.8356]
135	:	[13, 66]  ->  [85]  [0.3120, 0.8263]
136	:	[13, 100]  ->  [85]  [0.3212, 0.8253]
137	:	[13, 85]  ->  [100]  [0.3212, 0.8038]
138	:	[17, 65]  ->  [40]  [0.3188, 0.8200]
139	:	[17, 40]  ->  [65]  [0.3188, 0.8443]
140	:	[17, 88]  ->  [40]  [0.3012, 0.8028]
141	:	[17, 88]  ->  [65]  [0.3244, 0.8646]
142	:	[17, 65]  ->  [88]  [0.3244, 0.8344]
143	:	[19, 40]  ->  [61]  [0.3004, 0.8181]
144	:	[19, 40]  ->  [100]  [0.3044, 0.8290]
145	:	[24, 31]  ->  [61]  [0.3068, 0.8579]
146	:	[24, 31]  ->  [85]  [0.3204, 0.8960]
147	:	[24, 37]  ->  [61]  [0.3416, 0.8688]
148	:	[24, 37]  ->  [66]  [0.3148, 0.8006]
149	:	[24, 37]  ->  [85]  [0.3456, 0.8789]
150	:	[24, 39]  ->  [61]  [0.3464, 0.8721]
151	:	[24, 84]  ->  [39]  [0.3292, 0.8537]
152	:	[24, 39]  ->  [84]  [0.3292, 0.8288]
153	:	[24, 39]  ->  [85]  [0.3344, 0.8419]
154	:	[24, 40]  ->  [61]  [0.3208, 0.8460]
155	:	[24, 40]  ->  [65]  [0.3072, 0.8101]
156	:	[24, 53]  ->  [61]  [0.3048, 0.8124]
157	:	[24, 53]  ->  [85]  [0.3064, 0.8166]
158	:	[24, 60]  ->  [61]  [0.3004, 0.8317]
159	:	[24, 60]  ->  [85]  [0.3052, 0.8450]
160	:	[24, 65]  ->  [61]  [0.3260, 0.8472]
161	:	[61, 66]  ->  [24]  [0.3280, 0.8016]
162	:	[24, 66]  ->  [61]  [0.3280, 0.8316]
163	:	[24, 67]  ->  [61]  [0.3304, 0.9057]
164	:	[24, 82]  ->  [61]  [0.3344, 0.8847]
165	:	[61, 84]  ->  [24]  [0.3376, 0.8023]
166	:	[24, 84]  ->  [61]  [0.3376, 0.8755]
167	:	[61, 85]  ->  [24]  [0.3752, 0.8338]
168	:	[24, 85]  ->  [61]  [0.3752, 0.8661]
169	:	[24, 61]  ->  [85]  [0.3752, 0.8128]
170	:	[24, 88]  ->  [61]  [0.3112, 0.8215]
171	:	[61, 89]  ->  [24]  [0.3356, 0.8501]
172	:	[24, 89]  ->  [61]  [0.3356, 0.9240]
173	:	[24, 96]  ->  [61]  [0.3068, 0.8618]
174	:	[24, 100]  ->  [61]  [0.3396, 0.8708]
175	:	[24, 65]  ->  [85]  [0.3128, 0.8129]
176	:	[24, 66]  ->  [85]  [0.3428, 0.8692]
177	:	[24, 67]  ->  [85]  [0.3044, 0.8344]
178	:	[24, 82]  ->  [85]  [0.3112, 0.8233]
179	:	[24, 84]  ->  [85]  [0.3180, 0.8247]
180	:	[85, 89]  ->  [24]  [0.3188, 0.8955]
181	:	[24, 89]  ->  [85]  [0.3188, 0.8778]
182	:	[85, 96]  ->  [24]  [0.3016, 0.8231]
183	:	[24, 96]  ->  [85]  [0.3016, 0.8472]
184	:	[24, 100]  ->  [85]  [0.3152, 0.8082]
185	:	[29, 68]  ->  [39]  [0.3056, 0.8171]
186	:	[29, 68]  ->  [61]  [0.3000, 0.8021]
187	:	[29, 88]  ->  [65]  [0.3228, 0.8046]
188	:	[29, 65]  ->  [88]  [0.3228, 0.8119]
189	:	[31, 39]  ->  [37]  [0.3000, 0.8170]
190	:	[31, 66]  ->  [37]  [0.3132, 0.8080]
191	:	[31, 37]  ->  [66]  [0.3132, 0.8047]
192	:	[31, 84]  ->  [37]  [0.3020, 0.8110]
193	:	[31, 37]  ->  [85]  [0.3416, 0.8777]
194	:	[31, 39]  ->  [61]  [0.3032, 0.8257]
195	:	[31, 84]  ->  [39]  [0.3060, 0.8217]
196	:	[31, 39]  ->  [84]  [0.3060, 0.8333]
197	:	[31, 39]  ->  [85]  [0.3248, 0.8845]
198	:	[31, 84]  ->  [61]  [0.3064, 0.8228]
199	:	[31, 61]  ->  [85]  [0.3276, 0.8273]
200	:	[31, 85]  ->  [66]  [0.3600, 0.8333]
201	:	[31, 66]  ->  [85]  [0.3600, 0.9288]
202	:	[31, 84]  ->  [85]  [0.3152, 0.8464]
203	:	[37, 39]  ->  [61]  [0.3256, 0.8197]
204	:	[37, 68]  ->  [39]  [0.3004, 0.8093]
205	:	[37, 84]  ->  [39]  [0.3268, 0.8186]
206	:	[37, 39]  ->  [84]  [0.3268, 0.8228]
207	:	[37, 39]  ->  [85]  [0.3312, 0.8338]
208	:	[40, 50]  ->  [37]  [0.3076, 0.8027]
209	:	[37, 65]  ->  [40]  [0.3240, 0.8182]
210	:	[37, 40]  ->  [65]  [0.3240, 0.8044]
211	:	[50, 65]  ->  [37]  [0.3016, 0.8214]
212	:	[50, 82]  ->  [37]  [0.3300, 0.8532]
213	:	[37, 50]  ->  [82]  [0.3300, 0.8033]
214	:	[50, 85]  ->  [37]  [0.3080, 0.8379]
215	:	[53, 85]  ->  [37]  [0.3156, 0.8010]
216	:	[37, 67]  ->  [61]  [0.3184, 0.8309]
217	:	[37, 82]  ->  [61]  [0.3432, 0.8195]
218	:	[37, 85]  ->  [61]  [0.3500, 0.8057]
219	:	[37, 61]  ->  [85]  [0.3500, 0.8057]
220	:	[37, 100]  ->  [61]  [0.3108, 0.8060]
221	:	[37, 100]  ->  [65]  [0.3092, 0.8019]
222	:	[66, 82]  ->  [37]  [0.3164, 0.8039]
223	:	[37, 85]  ->  [66]  [0.3576, 0.8232]
224	:	[37, 66]  ->  [85]  [0.3576, 0.8967]
225	:	[37, 67]  ->  [85]  [0.3088, 0.8058]
226	:	[37, 68]  ->  [85]  [0.3048, 0.8211]
227	:	[82, 84]  ->  [37]  [0.3072, 0.8118]
228	:	[37, 82]  ->  [85]  [0.3384, 0.8080]
229	:	[84, 85]  ->  [37]  [0.3252, 0.8065]
230	:	[37, 84]  ->  [85]  [0.3252, 0.8146]
231	:	[39, 40]  ->  [61]  [0.3236, 0.8213]
232	:	[39, 95]  ->  [40]  [0.3012, 0.8079]
233	:	[39, 67]  ->  [61]  [0.3080, 0.8131]
234	:	[61, 84]  ->  [39]  [0.3472, 0.8251]
235	:	[39, 84]  ->  [61]  [0.3472, 0.8074]
236	:	[39, 85]  ->  [61]  [0.3508, 0.8181]
237	:	[39, 61]  ->  [85]  [0.3508, 0.8016]
238	:	[39, 95]  ->  [61]  [0.3176, 0.8519]
239	:	[39, 100]  ->  [61]  [0.3156, 0.8168]
240	:	[66, 68]  ->  [39]  [0.3180, 0.8485]
241	:	[66, 84]  ->  [39]  [0.3200, 0.8556]
242	:	[39, 66]  ->  [85]  [0.3328, 0.8287]
243	:	[68, 85]  ->  [39]  [0.3188, 0.8034]
244	:	[82, 84]  ->  [39]  [0.3112, 0.8224]
245	:	[39, 82]  ->  [85]  [0.3188, 0.8100]
246	:	[84, 85]  ->  [39]  [0.3456, 0.8571]
247	:	[39, 85]  ->  [84]  [0.3456, 0.8060]
248	:	[39, 84]  ->  [85]  [0.3456, 0.8037]
249	:	[39, 100]  ->  [85]  [0.3096, 0.8012]
250	:	[50, 65]  ->  [40]  [0.3024, 0.8235]
251	:	[53, 65]  ->  [40]  [0.3348, 0.8158]
252	:	[40, 53]  ->  [65]  [0.3348, 0.8279]
253	:	[40, 85]  ->  [61]  [0.3144, 0.8111]
254	:	[65, 66]  ->  [40]  [0.3104, 0.8160]
255	:	[40, 82]  ->  [65]  [0.3232, 0.8104]
256	:	[65, 84]  ->  [40]  [0.3036, 0.8049]
257	:	[40, 85]  ->  [65]  [0.3144, 0.8111]
258	:	[65, 88]  ->  [40]  [0.3456, 0.8007]
259	:	[40, 88]  ->  [65]  [0.3456, 0.8563]
260	:	[65, 95]  ->  [40]  [0.3304, 0.8318]
261	:	[40, 95]  ->  [65]  [0.3304, 0.8130]
262	:	[40, 100]  ->  [65]  [0.3436, 0.8236]
263	:	[40, 85]  ->  [66]  [0.3136, 0.8091]
264	:	[40, 87]  ->  [100]  [0.3108, 0.8060]
265	:	[49, 67]  ->  [61]  [0.3084, 0.8220]
266	:	[49, 61]  ->  [82]  [0.3128, 0.8012]
267	:	[49, 67]  ->  [82]  [0.3056, 0.8145]
268	:	[49, 67]  ->  [85]  [0.3064, 0.8166]
269	:	[49, 85]  ->  [82]  [0.3328, 0.8481]
270	:	[49, 82]  ->  [85]  [0.3328, 0.8262]
271	:	[50, 82]  ->  [61]  [0.3140, 0.8118]
272	:	[50, 85]  ->  [82]  [0.3024, 0.8226]
273	:	[53, 88]  ->  [65]  [0.3272, 0.8521]
274	:	[60, 85]  ->  [61]  [0.3076, 0.8010]
275	:	[60, 61]  ->  [85]  [0.3076, 0.8027]
276	:	[61, 88]  ->  [65]  [0.3144, 0.8004]
277	:	[66, 67]  ->  [61]  [0.3000, 0.8408]
278	:	[61, 66]  ->  [85]  [0.3460, 0.8456]
279	:	[67, 82]  ->  [61]  [0.3312, 0.8263]
280	:	[67, 85]  ->  [61]  [0.3260, 0.8093]
281	:	[82, 84]  ->  [61]  [0.3100, 0.8192]
282	:	[82, 100]  ->  [61]  [0.3156, 0.8176]
283	:	[84, 85]  ->  [61]  [0.3308, 0.8204]
284	:	[85, 89]  ->  [61]  [0.3312, 0.9303]
285	:	[61, 89]  ->  [85]  [0.3312, 0.8389]
286	:	[85, 95]  ->  [61]  [0.3188, 0.8443]
287	:	[85, 96]  ->  [61]  [0.3016, 0.8231]
288	:	[95, 100]  ->  [61]  [0.3104, 0.8109]
289	:	[65, 66]  ->  [85]  [0.3200, 0.8412]
290	:	[82, 88]  ->  [65]  [0.3144, 0.8053]
291	:	[82, 100]  ->  [65]  [0.3144, 0.8145]
292	:	[85, 88]  ->  [65]  [0.3140, 0.8143]
293	:	[65, 85]  ->  [100]  [0.3356, 0.8106]
294	:	[88, 100]  ->  [65]  [0.3340, 0.8243]
295	:	[95, 100]  ->  [65]  [0.3120, 0.8150]
296	:	[66, 67]  ->  [85]  [0.3068, 0.8599]
297	:	[66, 68]  ->  [85]  [0.3128, 0.8346]
298	:	[82, 85]  ->  [66]  [0.3452, 0.8050]
299	:	[66, 82]  ->  [85]  [0.3452, 0.8770]
300	:	[66, 84]  ->  [85]  [0.3164, 0.8460]
301	:	[66, 100]  ->  [85]  [0.3336, 0.8807]
302	:	[67, 82]  ->  [85]  [0.3212, 0.8014]
303	:	[68, 82]  ->  [85]  [0.3100, 0.8210]
304	:	[82, 84]  ->  [85]  [0.3060, 0.8087]
305	:	[37, 61, 85]  ->  [24]  [0.3020, 0.8629]
306	:	[24, 61, 85]  ->  [37]  [0.3020, 0.8049]
307	:	[24, 37, 85]  ->  [61]  [0.3020, 0.8738]
308	:	[24, 37, 61]  ->  [85]  [0.3020, 0.8841]
309	:	[39, 61, 85]  ->  [24]  [0.3012, 0.8586]
310	:	[24, 61, 85]  ->  [39]  [0.3012, 0.8028]
311	:	[24, 39, 85]  ->  [61]  [0.3012, 0.9007]
312	:	[24, 39, 61]  ->  [85]  [0.3012, 0.8695]
313	:	[61, 85, 89]  ->  [24]  [0.3036, 0.9167]
314	:	[24, 85, 89]  ->  [61]  [0.3036, 0.9523]
315	:	[85, 89]  ->  [24, 61]  [0.3036, 0.8528]
316	:	[24, 61, 89]  ->  [85]  [0.3036, 0.9046]
317	:	[24, 89]  ->  [61, 85]  [0.3036, 0.8359]
318	:	[24, 61, 85]  ->  [89]  [0.3036, 0.8092]
