No	:	[A]	->	[B]	[s, c]
-----------------------------------------------------------------------------
1	:	[7]  ->  [61]  [0.3348, 0.8480]
2	:	[26]  ->  [40]  [0.3488, 0.8203]
3	:	[99]  ->  [61]  [0.3360, 0.8077]
4	:	[11]  ->  [61]  [0.4168, 0.8303]
5	:	[12]  ->  [100]  [0.4092, 0.8049]
6	:	[24]  ->  [61]  [0.4616, 0.8214]
7	:	[89]  ->  [24]  [0.3632, 0.8114]
8	:	[28]  ->  [100]  [0.3692, 0.8096]
9	:	[45]  ->  [29]  [0.3640, 0.8125]
10	:	[31]  ->  [85]  [0.4320, 0.8225]
11	:	[52]  ->  [76]  [0.3572, 0.8133]
12	:	[62]  ->  [61]  [0.3472, 0.8290]
13	:	[89]  ->  [61]  [0.3948, 0.8820]
14	:	[66]  ->  [85]  [0.4580, 0.8098]
15	:	[12, 85]  ->  [66]  [0.3280, 0.8342]
16	:	[12, 66]  ->  [85]  [0.3280, 0.9111]
17	:	[12, 100]  ->  [85]  [0.3344, 0.8172]
18	:	[12, 85]  ->  [100]  [0.3344, 0.8505]
19	:	[13, 65]  ->  [40]  [0.3400, 0.8042]
20	:	[13, 40]  ->  [65]  [0.3400, 0.8647]
21	:	[13, 88]  ->  [65]  [0.3288, 0.8388]
22	:	[13, 100]  ->  [65]  [0.3252, 0.8356]
23	:	[16, 85]  ->  [66]  [0.3248, 0.8337]
24	:	[16, 66]  ->  [85]  [0.3248, 0.8741]
25	:	[24, 65]  ->  [61]  [0.3260, 0.8472]
26	:	[24, 67]  ->  [61]  [0.3304, 0.9057]
27	:	[24, 82]  ->  [61]  [0.3344, 0.8847]
28	:	[61, 89]  ->  [24]  [0.3356, 0.8501]
29	:	[24, 89]  ->  [61]  [0.3356, 0.9240]
30	:	[24, 100]  ->  [61]  [0.3396, 0.8708]
31	:	[31, 37]  ->  [85]  [0.3416, 0.8777]
32	:	[31, 39]  ->  [85]  [0.3248, 0.8845]
33	:	[31, 61]  ->  [85]  [0.3276, 0.8273]
34	:	[31, 85]  ->  [66]  [0.3600, 0.8333]
35	:	[31, 66]  ->  [85]  [0.3600, 0.9288]
36	:	[50, 82]  ->  [37]  [0.3300, 0.8532]
37	:	[37, 50]  ->  [82]  [0.3300, 0.8033]
38	:	[37, 85]  ->  [66]  [0.3576, 0.8232]
39	:	[37, 66]  ->  [85]  [0.3576, 0.8967]
40	:	[39, 66]  ->  [85]  [0.3328, 0.8287]
41	:	[53, 65]  ->  [40]  [0.3348, 0.8158]
42	:	[40, 53]  ->  [65]  [0.3348, 0.8279]
43	:	[65, 88]  ->  [40]  [0.3456, 0.8007]
44	:	[40, 88]  ->  [65]  [0.3456, 0.8563]
45	:	[65, 95]  ->  [40]  [0.3304, 0.8318]
46	:	[40, 95]  ->  [65]  [0.3304, 0.8130]
47	:	[49, 85]  ->  [82]  [0.3328, 0.8481]
48	:	[49, 82]  ->  [85]  [0.3328, 0.8262]
49	:	[53, 88]  ->  [65]  [0.3272, 0.8521]
50	:	[53, 85]  ->  [66]  [0.3336, 0.8467]
51	:	[53, 66]  ->  [85]  [0.3336, 0.8528]
52	:	[67, 82]  ->  [61]  [0.3312, 0.8263]
53	:	[67, 85]  ->  [61]  [0.3260, 0.8093]
54	:	[85, 89]  ->  [61]  [0.3312, 0.9303]
55	:	[61, 89]  ->  [85]  [0.3312, 0.8389]
56	:	[88, 100]  ->  [65]  [0.3340, 0.8243]
57	:	[82, 85]  ->  [66]  [0.3452, 0.8050]
58	:	[66, 82]  ->  [85]  [0.3452, 0.8770]
59	:	[66, 100]  ->  [85]  [0.3336, 0.8807]
60	:	[24, 37]  ->  [61]  [0.3416, 0.8688]
61	:	[24, 37]  ->  [85]  [0.3456, 0.8789]
62	:	[24, 39]  ->  [61]  [0.3464, 0.8721]
63	:	[24, 84]  ->  [39]  [0.3292, 0.8537]
64	:	[24, 39]  ->  [84]  [0.3292, 0.8288]
65	:	[24, 39]  ->  [85]  [0.3344, 0.8419]
66	:	[61, 66]  ->  [24]  [0.3280, 0.8016]
67	:	[24, 66]  ->  [61]  [0.3280, 0.8316]
68	:	[61, 84]  ->  [24]  [0.3376, 0.8023]
69	:	[24, 84]  ->  [61]  [0.3376, 0.8755]
70	:	[61, 85]  ->  [24]  [0.3752, 0.8338]
71	:	[24, 85]  ->  [61]  [0.3752, 0.8661]
72	:	[24, 61]  ->  [85]  [0.3752, 0.8128]
73	:	[24, 66]  ->  [85]  [0.3428, 0.8692]
74	:	[37, 39]  ->  [61]  [0.3256, 0.8197]
75	:	[37, 84]  ->  [39]  [0.3268, 0.8186]
76	:	[37, 39]  ->  [84]  [0.3268, 0.8228]
77	:	[37, 39]  ->  [85]  [0.3312, 0.8338]
78	:	[37, 82]  ->  [61]  [0.3432, 0.8195]
79	:	[37, 85]  ->  [61]  [0.3500, 0.8057]
80	:	[37, 61]  ->  [85]  [0.3500, 0.8057]
81	:	[37, 82]  ->  [85]  [0.3384, 0.8080]
82	:	[84, 85]  ->  [37]  [0.3252, 0.8065]
83	:	[37, 84]  ->  [85]  [0.3252, 0.8146]
84	:	[61, 84]  ->  [39]  [0.3472, 0.8251]
85	:	[39, 84]  ->  [61]  [0.3472, 0.8074]
86	:	[39, 85]  ->  [61]  [0.3508, 0.8181]
87	:	[39, 61]  ->  [85]  [0.3508, 0.8016]
88	:	[84, 85]  ->  [39]  [0.3456, 0.8571]
89	:	[39, 85]  ->  [84]  [0.3456, 0.8060]
90	:	[39, 84]  ->  [85]  [0.3456, 0.8037]
91	:	[40, 100]  ->  [65]  [0.3436, 0.8236]
92	:	[61, 66]  ->  [85]  [0.3460, 0.8456]
93	:	[84, 85]  ->  [61]  [0.3308, 0.8204]
94	:	[65, 85]  ->  [100]  [0.3356, 0.8106]
