No	:	[A]	->	[B]	[s, c]
-----------------------------------------------------------------------------
1	:	[14]  ->  [75]  [0.3008, 0.7941]
2	:	[66]  ->  [78]  [0.3008, 0.7650]
3	:	[78]  ->  [66]  [0.3008, 0.6030]
4	:	[59]  ->  [29]  [0.3116, 0.7829]
5	:	[61]  ->  [76]  [0.3220, 0.8050]
6	:	[97]  ->  [91]  [0.3012, 0.7304]
7	:	[97]  ->  [51]  [0.3072, 0.7449]
8	:	[97]  ->  [71]  [0.3128, 0.7585]
9	:	[2]  ->  [71]  [0.3180, 0.7696]
10	:	[54]  ->  [45]  [0.3076, 0.7401]
11	:	[82]  ->  [84]  [0.3072, 0.7191]
12	:	[82]  ->  [75]  [0.3252, 0.7612]
13	:	[82]  ->  [76]  [0.3048, 0.7135]
14	:	[74]  ->  [73]  [0.3296, 0.7518]
15	:	[73]  ->  [74]  [0.3296, 0.6140]
16	:	[74]  ->  [29]  [0.3028, 0.6907]
17	:	[74]  ->  [45]  [0.3032, 0.6916]
18	:	[24]  ->  [45]  [0.3224, 0.7152]
19	:	[24]  ->  [76]  [0.3048, 0.6761]
20	:	[24]  ->  [71]  [0.3380, 0.7498]
21	:	[72]  ->  [4]  [0.3028, 0.6606]
22	:	[72]  ->  [68]  [0.3136, 0.6841]
23	:	[72]  ->  [75]  [0.3008, 0.6562]
24	:	[63]  ->  [56]  [0.3044, 0.7086]
25	:	[56]  ->  [63]  [0.3044, 0.6466]
26	:	[79]  ->  [4]  [0.3008, 0.6744]
27	:	[79]  ->  [62]  [0.3016, 0.6762]
28	:	[79]  ->  [52]  [0.3100, 0.6951]
29	:	[79]  ->  [49]  [0.3048, 0.6834]
30	:	[95]  ->  [73]  [0.3004, 0.6922]
31	:	[25]  ->  [33]  [0.3256, 0.7468]
32	:	[33]  ->  [25]  [0.3256, 0.6430]
33	:	[25]  ->  [84]  [0.3108, 0.7128]
34	:	[25]  ->  [4]  [0.3052, 0.7000]
35	:	[25]  ->  [62]  [0.3184, 0.7303]
36	:	[25]  ->  [51]  [0.3148, 0.7220]
37	:	[44]  ->  [10]  [0.3408, 0.7717]
38	:	[10]  ->  [44]  [0.3408, 0.6392]
39	:	[44]  ->  [45]  [0.3008, 0.6812]
40	:	[44]  ->  [51]  [0.3036, 0.6875]
41	:	[44]  ->  [75]  [0.3032, 0.6866]
42	:	[44]  ->  [76]  [0.3088, 0.6993]
43	:	[44]  ->  [71]  [0.3312, 0.7500]
44	:	[17]  ->  [20]  [0.3024, 0.6829]
45	:	[20]  ->  [17]  [0.3024, 0.6305]
46	:	[17]  ->  [62]  [0.3156, 0.7127]
47	:	[17]  ->  [52]  [0.3312, 0.7480]
48	:	[17]  ->  [49]  [0.3340, 0.7543]
49	:	[17]  ->  [71]  [0.3080, 0.6956]
50	:	[77]  ->  [60]  [0.3288, 0.7432]
51	:	[60]  ->  [77]  [0.3288, 0.6323]
52	:	[77]  ->  [37]  [0.3028, 0.6844]
53	:	[77]  ->  [73]  [0.3112, 0.7034]
54	:	[77]  ->  [49]  [0.3016, 0.6817]
55	:	[77]  ->  [67]  [0.3164, 0.7152]
56	:	[77]  ->  [76]  [0.3132, 0.7080]
57	:	[77]  ->  [71]  [0.3244, 0.7333]
58	:	[1]  ->  [20]  [0.3000, 0.6739]
59	:	[20]  ->  [1]  [0.3000, 0.6255]
60	:	[1]  ->  [5]  [0.3000, 0.6739]
61	:	[1]  ->  [31]  [0.3076, 0.6909]
62	:	[1]  ->  [68]  [0.3120, 0.7008]
63	:	[1]  ->  [52]  [0.3092, 0.6945]
64	:	[1]  ->  [49]  [0.3240, 0.7278]
65	:	[1]  ->  [45]  [0.3112, 0.6990]
66	:	[1]  ->  [67]  [0.3036, 0.6819]
67	:	[1]  ->  [75]  [0.3112, 0.6990]
68	:	[1]  ->  [76]  [0.3012, 0.6765]
69	:	[1]  ->  [71]  [0.3176, 0.7134]
70	:	[64]  ->  [60]  [0.3000, 0.6250]
71	:	[64]  ->  [10]  [0.3016, 0.6283]
72	:	[64]  ->  [75]  [0.3156, 0.6575]
73	:	[9]  ->  [15]  [0.3128, 0.6939]
74	:	[15]  ->  [9]  [0.3128, 0.6549]
75	:	[9]  ->  [89]  [0.3140, 0.6965]
76	:	[89]  ->  [9]  [0.3140, 0.6206]
77	:	[9]  ->  [4]  [0.3000, 0.6655]
78	:	[9]  ->  [68]  [0.3064, 0.6797]
79	:	[9]  ->  [62]  [0.3248, 0.7205]
80	:	[9]  ->  [49]  [0.3044, 0.6752]
81	:	[9]  ->  [45]  [0.3228, 0.7161]
82	:	[9]  ->  [67]  [0.3008, 0.6673]
83	:	[9]  ->  [75]  [0.3096, 0.6868]
84	:	[9]  ->  [76]  [0.3172, 0.7036]
85	:	[9]  ->  [71]  [0.3284, 0.7285]
86	:	[69]  ->  [43]  [0.3024, 0.6702]
87	:	[43]  ->  [69]  [0.3024, 0.6258]
88	:	[69]  ->  [100]  [0.3064, 0.6791]
89	:	[100]  ->  [69]  [0.3064, 0.6207]
90	:	[69]  ->  [84]  [0.3032, 0.6720]
91	:	[69]  ->  [73]  [0.3044, 0.6746]
92	:	[69]  ->  [51]  [0.3144, 0.6968]
93	:	[69]  ->  [67]  [0.3204, 0.7101]
94	:	[69]  ->  [75]  [0.3116, 0.6906]
95	:	[69]  ->  [76]  [0.3360, 0.7447]
96	:	[69]  ->  [71]  [0.3144, 0.6968]
97	:	[65]  ->  [73]  [0.3004, 0.6611]
98	:	[65]  ->  [10]  [0.3128, 0.6884]
99	:	[65]  ->  [68]  [0.3036, 0.6681]
100	:	[65]  ->  [52]  [0.3376, 0.7430]
101	:	[65]  ->  [45]  [0.3008, 0.6620]
102	:	[65]  ->  [67]  [0.3004, 0.6611]
103	:	[65]  ->  [76]  [0.3144, 0.6919]
104	:	[65]  ->  [71]  [0.3452, 0.7597]
105	:	[21]  ->  [83]  [0.3068, 0.6635]
106	:	[83]  ->  [21]  [0.3068, 0.6445]
107	:	[21]  ->  [29]  [0.3084, 0.6670]
108	:	[21]  ->  [52]  [0.3100, 0.6704]
109	:	[21]  ->  [45]  [0.3032, 0.6557]
110	:	[21]  ->  [67]  [0.3284, 0.7102]
111	:	[21]  ->  [76]  [0.3116, 0.6739]
112	:	[21]  ->  [71]  [0.3024, 0.6540]
113	:	[86]  ->  [26]  [0.3088, 0.6766]
114	:	[26]  ->  [86]  [0.3088, 0.6349]
115	:	[86]  ->  [33]  [0.3036, 0.6652]
116	:	[86]  ->  [60]  [0.3100, 0.6792]
117	:	[86]  ->  [91]  [0.3088, 0.6766]
118	:	[86]  ->  [37]  [0.3096, 0.6784]
119	:	[86]  ->  [68]  [0.3140, 0.6880]
120	:	[86]  ->  [76]  [0.3324, 0.7283]
121	:	[86]  ->  [71]  [0.3312, 0.7257]
122	:	[99]  ->  [100]  [0.3056, 0.6598]
123	:	[100]  ->  [99]  [0.3056, 0.6191]
124	:	[99]  ->  [78]  [0.3044, 0.6572]
125	:	[78]  ->  [99]  [0.3044, 0.6103]
126	:	[99]  ->  [33]  [0.3024, 0.6528]
127	:	[99]  ->  [5]  [0.3040, 0.6563]
128	:	[99]  ->  [73]  [0.3016, 0.6511]
129	:	[99]  ->  [62]  [0.3104, 0.6701]
130	:	[99]  ->  [29]  [0.3044, 0.6572]
131	:	[99]  ->  [52]  [0.3064, 0.6615]
132	:	[99]  ->  [49]  [0.3144, 0.6788]
133	:	[99]  ->  [45]  [0.3244, 0.7003]
134	:	[99]  ->  [51]  [0.3284, 0.7090]
135	:	[99]  ->  [67]  [0.3248, 0.7012]
136	:	[99]  ->  [76]  [0.3144, 0.6788]
137	:	[99]  ->  [71]  [0.3244, 0.7003]
138	:	[46]  ->  [78]  [0.3220, 0.6940]
139	:	[78]  ->  [46]  [0.3220, 0.6455]
140	:	[46]  ->  [31]  [0.3148, 0.6784]
141	:	[46]  ->  [73]  [0.3080, 0.6638]
142	:	[46]  ->  [52]  [0.3024, 0.6517]
143	:	[46]  ->  [49]  [0.3032, 0.6534]
144	:	[46]  ->  [45]  [0.3244, 0.6991]
145	:	[46]  ->  [67]  [0.3136, 0.6759]
146	:	[46]  ->  [75]  [0.3060, 0.6595]
147	:	[46]  ->  [76]  [0.3016, 0.6500]
148	:	[46]  ->  [71]  [0.3212, 0.6922]
149	:	[7]  ->  [58]  [0.3192, 0.6856]
150	:	[58]  ->  [7]  [0.3192, 0.6746]
151	:	[7]  ->  [84]  [0.3008, 0.6460]
152	:	[7]  ->  [4]  [0.3136, 0.6735]
153	:	[7]  ->  [68]  [0.3092, 0.6641]
154	:	[7]  ->  [62]  [0.3216, 0.6907]
155	:	[7]  ->  [29]  [0.3132, 0.6727]
156	:	[7]  ->  [52]  [0.3160, 0.6787]
157	:	[7]  ->  [49]  [0.3172, 0.6813]
158	:	[7]  ->  [45]  [0.3092, 0.6641]
159	:	[7]  ->  [75]  [0.3168, 0.6804]
160	:	[7]  ->  [76]  [0.3128, 0.6718]
161	:	[7]  ->  [71]  [0.3204, 0.6881]
162	:	[34]  ->  [4]  [0.3116, 0.6704]
163	:	[34]  ->  [37]  [0.3068, 0.6601]
164	:	[34]  ->  [10]  [0.3204, 0.6893]
165	:	[10]  ->  [34]  [0.3204, 0.6009]
166	:	[34]  ->  [49]  [0.3244, 0.6979]
167	:	[34]  ->  [45]  [0.3104, 0.6678]
168	:	[34]  ->  [67]  [0.3284, 0.7065]
169	:	[34]  ->  [75]  [0.3036, 0.6532]
170	:	[34]  ->  [71]  [0.3176, 0.6833]
171	:	[80]  ->  [32]  [0.3112, 0.6661]
172	:	[32]  ->  [80]  [0.3112, 0.6259]
173	:	[80]  ->  [23]  [0.3060, 0.6550]
174	:	[80]  ->  [5]  [0.3176, 0.6798]
175	:	[5]  ->  [80]  [0.3176, 0.6052]
176	:	[80]  ->  [31]  [0.3200, 0.6849]
177	:	[31]  ->  [80]  [0.3200, 0.6079]
178	:	[80]  ->  [73]  [0.3260, 0.6978]
179	:	[73]  ->  [80]  [0.3260, 0.6073]
180	:	[80]  ->  [68]  [0.3136, 0.6712]
181	:	[80]  ->  [62]  [0.3016, 0.6455]
182	:	[80]  ->  [49]  [0.3088, 0.6610]
183	:	[80]  ->  [45]  [0.3180, 0.6807]
184	:	[80]  ->  [67]  [0.3300, 0.7063]
185	:	[80]  ->  [76]  [0.3192, 0.6832]
186	:	[80]  ->  [71]  [0.3320, 0.7106]
187	:	[3]  ->  [27]  [0.3136, 0.6689]
188	:	[27]  ->  [3]  [0.3136, 0.6661]
189	:	[3]  ->  [83]  [0.3044, 0.6493]
190	:	[83]  ->  [3]  [0.3044, 0.6395]
191	:	[3]  ->  [30]  [0.3072, 0.6553]
192	:	[30]  ->  [3]  [0.3072, 0.6321]
193	:	[3]  ->  [19]  [0.3060, 0.6527]
194	:	[19]  ->  [3]  [0.3060, 0.6159]
195	:	[3]  ->  [33]  [0.3020, 0.6442]
196	:	[3]  ->  [35]  [0.3340, 0.7125]
197	:	[35]  ->  [3]  [0.3340, 0.6513]
198	:	[3]  ->  [84]  [0.3404, 0.7261]
199	:	[84]  ->  [3]  [0.3404, 0.6551]
200	:	[3]  ->  [73]  [0.3196, 0.6817]
201	:	[3]  ->  [68]  [0.3056, 0.6519]
202	:	[3]  ->  [29]  [0.3496, 0.7457]
203	:	[29]  ->  [3]  [0.3496, 0.6261]
204	:	[3]  ->  [52]  [0.3232, 0.6894]
205	:	[3]  ->  [49]  [0.3392, 0.7235]
206	:	[3]  ->  [45]  [0.3244, 0.6920]
207	:	[3]  ->  [51]  [0.3436, 0.7329]
208	:	[3]  ->  [67]  [0.3100, 0.6613]
209	:	[3]  ->  [76]  [0.3332, 0.7108]
210	:	[3]  ->  [71]  [0.3296, 0.7031]
211	:	[56]  ->  [60]  [0.3016, 0.6406]
212	:	[56]  ->  [31]  [0.3136, 0.6661]
213	:	[56]  ->  [37]  [0.3320, 0.7052]
214	:	[37]  ->  [56]  [0.3320, 0.6297]
215	:	[56]  ->  [73]  [0.3288, 0.6984]
216	:	[73]  ->  [56]  [0.3288, 0.6125]
217	:	[56]  ->  [68]  [0.3056, 0.6491]
218	:	[56]  ->  [52]  [0.3076, 0.6534]
219	:	[56]  ->  [49]  [0.3064, 0.6508]
220	:	[56]  ->  [45]  [0.3108, 0.6602]
221	:	[56]  ->  [51]  [0.3064, 0.6508]
222	:	[56]  ->  [67]  [0.3248, 0.6899]
223	:	[56]  ->  [76]  [0.3224, 0.6848]
224	:	[56]  ->  [71]  [0.3088, 0.6559]
225	:	[27]  ->  [30]  [0.3284, 0.6975]
226	:	[30]  ->  [27]  [0.3284, 0.6757]
227	:	[27]  ->  [32]  [0.3000, 0.6372]
228	:	[32]  ->  [27]  [0.3000, 0.6034]
229	:	[27]  ->  [33]  [0.3216, 0.6831]
230	:	[33]  ->  [27]  [0.3216, 0.6351]
231	:	[27]  ->  [60]  [0.3244, 0.6890]
232	:	[60]  ->  [27]  [0.3244, 0.6238]
233	:	[27]  ->  [5]  [0.3136, 0.6661]
234	:	[27]  ->  [10]  [0.3000, 0.6372]
235	:	[27]  ->  [68]  [0.3220, 0.6839]
236	:	[27]  ->  [29]  [0.3096, 0.6576]
237	:	[27]  ->  [52]  [0.3068, 0.6517]
238	:	[27]  ->  [49]  [0.3032, 0.6440]
239	:	[27]  ->  [45]  [0.3236, 0.6873]
240	:	[27]  ->  [51]  [0.3204, 0.6805]
241	:	[27]  ->  [67]  [0.3088, 0.6559]
242	:	[27]  ->  [75]  [0.3216, 0.6831]
243	:	[27]  ->  [76]  [0.3400, 0.7222]
244	:	[27]  ->  [71]  [0.3192, 0.6780]
245	:	[83]  ->  [35]  [0.3080, 0.6471]
246	:	[35]  ->  [83]  [0.3080, 0.6006]
247	:	[83]  ->  [84]  [0.3180, 0.6681]
248	:	[84]  ->  [83]  [0.3180, 0.6120]
249	:	[83]  ->  [5]  [0.3040, 0.6387]
250	:	[83]  ->  [91]  [0.3016, 0.6336]
251	:	[83]  ->  [4]  [0.3052, 0.6412]
252	:	[83]  ->  [68]  [0.3172, 0.6664]
253	:	[83]  ->  [29]  [0.3292, 0.6916]
254	:	[83]  ->  [52]  [0.3028, 0.6361]
255	:	[83]  ->  [49]  [0.3232, 0.6790]
256	:	[83]  ->  [45]  [0.3016, 0.6336]
257	:	[83]  ->  [51]  [0.3456, 0.7261]
258	:	[83]  ->  [67]  [0.3252, 0.6832]
259	:	[83]  ->  [75]  [0.3248, 0.6824]
260	:	[83]  ->  [76]  [0.3288, 0.6908]
261	:	[83]  ->  [71]  [0.3092, 0.6496]
262	:	[18]  ->  [93]  [0.3136, 0.6644]
263	:	[93]  ->  [18]  [0.3136, 0.6384]
264	:	[18]  ->  [100]  [0.3192, 0.6763]
265	:	[100]  ->  [18]  [0.3192, 0.6467]
266	:	[18]  ->  [78]  [0.3004, 0.6364]
267	:	[78]  ->  [18]  [0.3004, 0.6022]
268	:	[18]  ->  [53]  [0.3060, 0.6483]
269	:	[53]  ->  [18]  [0.3060, 0.6057]
270	:	[18]  ->  [23]  [0.3008, 0.6373]
271	:	[18]  ->  [5]  [0.3340, 0.7076]
272	:	[5]  ->  [18]  [0.3340, 0.6364]
273	:	[18]  ->  [68]  [0.3176, 0.6729]
274	:	[18]  ->  [62]  [0.3100, 0.6568]
275	:	[18]  ->  [29]  [0.3268, 0.6924]
276	:	[18]  ->  [52]  [0.3176, 0.6729]
277	:	[18]  ->  [49]  [0.3196, 0.6771]
278	:	[18]  ->  [45]  [0.3040, 0.6441]
279	:	[18]  ->  [51]  [0.3044, 0.6449]
280	:	[18]  ->  [67]  [0.3440, 0.7288]
281	:	[18]  ->  [75]  [0.3152, 0.6678]
282	:	[18]  ->  [76]  [0.3216, 0.6814]
283	:	[18]  ->  [71]  [0.3292, 0.6975]
284	:	[58]  ->  [20]  [0.3040, 0.6424]
285	:	[20]  ->  [58]  [0.3040, 0.6339]
286	:	[58]  ->  [32]  [0.3092, 0.6534]
287	:	[32]  ->  [58]  [0.3092, 0.6219]
288	:	[58]  ->  [53]  [0.3088, 0.6526]
289	:	[53]  ->  [58]  [0.3088, 0.6112]
290	:	[58]  ->  [4]  [0.3216, 0.6796]
291	:	[4]  ->  [58]  [0.3216, 0.6133]
292	:	[58]  ->  [10]  [0.3012, 0.6365]
293	:	[58]  ->  [62]  [0.3012, 0.6365]
294	:	[58]  ->  [29]  [0.3116, 0.6585]
295	:	[58]  ->  [52]  [0.3100, 0.6551]
296	:	[58]  ->  [49]  [0.3056, 0.6458]
297	:	[58]  ->  [45]  [0.3452, 0.7295]
298	:	[58]  ->  [51]  [0.3000, 0.6340]
299	:	[58]  ->  [75]  [0.3456, 0.7303]
300	:	[58]  ->  [76]  [0.3228, 0.6822]
301	:	[58]  ->  [71]  [0.3456, 0.7303]
302	:	[41]  ->  [30]  [0.3132, 0.6509]
303	:	[30]  ->  [41]  [0.3132, 0.6444]
304	:	[41]  ->  [33]  [0.3220, 0.6692]
305	:	[33]  ->  [41]  [0.3220, 0.6359]
306	:	[41]  ->  [4]  [0.3180, 0.6608]
307	:	[4]  ->  [41]  [0.3180, 0.6064]
308	:	[41]  ->  [10]  [0.3116, 0.6475]
309	:	[41]  ->  [68]  [0.3176, 0.6600]
310	:	[41]  ->  [49]  [0.3224, 0.6700]
311	:	[41]  ->  [51]  [0.3112, 0.6467]
312	:	[41]  ->  [67]  [0.3136, 0.6517]
313	:	[41]  ->  [75]  [0.3004, 0.6243]
314	:	[41]  ->  [71]  [0.3020, 0.6276]
315	:	[88]  ->  [100]  [0.3112, 0.6560]
316	:	[100]  ->  [88]  [0.3112, 0.6305]
317	:	[88]  ->  [96]  [0.3032, 0.6391]
318	:	[96]  ->  [88]  [0.3032, 0.6045]
319	:	[88]  ->  [53]  [0.3036, 0.6400]
320	:	[53]  ->  [88]  [0.3036, 0.6010]
321	:	[88]  ->  [89]  [0.3264, 0.6880]
322	:	[89]  ->  [88]  [0.3264, 0.6451]
323	:	[88]  ->  [31]  [0.3324, 0.7007]
324	:	[31]  ->  [88]  [0.3324, 0.6315]
325	:	[88]  ->  [10]  [0.3220, 0.6788]
326	:	[10]  ->  [88]  [0.3220, 0.6039]
327	:	[88]  ->  [68]  [0.3232, 0.6813]
328	:	[88]  ->  [62]  [0.3128, 0.6594]
329	:	[88]  ->  [29]  [0.3232, 0.6813]
330	:	[88]  ->  [45]  [0.3404, 0.7175]
331	:	[88]  ->  [51]  [0.3312, 0.6981]
332	:	[88]  ->  [67]  [0.3252, 0.6855]
333	:	[88]  ->  [75]  [0.3096, 0.6526]
334	:	[88]  ->  [76]  [0.3444, 0.7260]
335	:	[88]  ->  [71]  [0.3492, 0.7361]
336	:	[15]  ->  [78]  [0.3000, 0.6281]
337	:	[78]  ->  [15]  [0.3000, 0.6014]
338	:	[15]  ->  [96]  [0.3108, 0.6508]
339	:	[96]  ->  [15]  [0.3108, 0.6196]
340	:	[15]  ->  [53]  [0.3008, 0.6298]
341	:	[15]  ->  [89]  [0.3280, 0.6868]
342	:	[89]  ->  [15]  [0.3280, 0.6482]
343	:	[15]  ->  [5]  [0.3024, 0.6332]
344	:	[15]  ->  [91]  [0.3072, 0.6432]
345	:	[15]  ->  [4]  [0.3000, 0.6281]
346	:	[15]  ->  [68]  [0.3276, 0.6859]
347	:	[15]  ->  [62]  [0.3328, 0.6968]
348	:	[15]  ->  [49]  [0.3104, 0.6499]
349	:	[15]  ->  [45]  [0.3272, 0.6851]
350	:	[15]  ->  [51]  [0.3080, 0.6449]
351	:	[15]  ->  [75]  [0.3324, 0.6960]
352	:	[15]  ->  [76]  [0.3196, 0.6692]
353	:	[15]  ->  [71]  [0.3656, 0.7655]
354	:	[71]  ->  [15]  [0.3656, 0.6077]
355	:	[8]  ->  [19]  [0.3048, 0.6371]
356	:	[19]  ->  [8]  [0.3048, 0.6135]
357	:	[8]  ->  [53]  [0.3032, 0.6338]
358	:	[53]  ->  [8]  [0.3032, 0.6002]
359	:	[8]  ->  [35]  [0.3204, 0.6697]
360	:	[35]  ->  [8]  [0.3204, 0.6248]
361	:	[8]  ->  [23]  [0.3072, 0.6421]
362	:	[8]  ->  [84]  [0.3180, 0.6647]
363	:	[84]  ->  [8]  [0.3180, 0.6120]
364	:	[8]  ->  [5]  [0.3012, 0.6296]
365	:	[8]  ->  [31]  [0.3008, 0.6288]
366	:	[8]  ->  [37]  [0.3128, 0.6538]
367	:	[8]  ->  [10]  [0.3372, 0.7048]
368	:	[10]  ->  [8]  [0.3372, 0.6324]
369	:	[8]  ->  [68]  [0.3204, 0.6697]
370	:	[8]  ->  [62]  [0.3164, 0.6614]
371	:	[8]  ->  [52]  [0.3344, 0.6990]
372	:	[8]  ->  [49]  [0.3032, 0.6338]
373	:	[8]  ->  [45]  [0.3156, 0.6597]
374	:	[8]  ->  [51]  [0.3132, 0.6547]
375	:	[8]  ->  [67]  [0.3276, 0.6848]
376	:	[8]  ->  [75]  [0.3424, 0.7157]
377	:	[8]  ->  [76]  [0.3392, 0.7090]
378	:	[8]  ->  [71]  [0.3356, 0.7015]
379	:	[50]  ->  [43]  [0.3376, 0.7004]
380	:	[43]  ->  [50]  [0.3376, 0.6987]
381	:	[50]  ->  [53]  [0.3168, 0.6573]
382	:	[53]  ->  [50]  [0.3168, 0.6271]
383	:	[50]  ->  [23]  [0.3008, 0.6241]
384	:	[50]  ->  [84]  [0.3208, 0.6656]
385	:	[84]  ->  [50]  [0.3208, 0.6174]
386	:	[50]  ->  [5]  [0.3020, 0.6266]
387	:	[50]  ->  [4]  [0.3004, 0.6232]
388	:	[50]  ->  [68]  [0.3148, 0.6531]
389	:	[50]  ->  [62]  [0.3296, 0.6838]
390	:	[50]  ->  [49]  [0.3032, 0.6290]
391	:	[50]  ->  [45]  [0.3184, 0.6606]
392	:	[50]  ->  [51]  [0.3008, 0.6241]
393	:	[50]  ->  [75]  [0.3296, 0.6838]
394	:	[50]  ->  [76]  [0.3312, 0.6871]
395	:	[50]  ->  [71]  [0.3120, 0.6473]
396	:	[20]  ->  [11]  [0.3168, 0.6606]
397	:	[11]  ->  [20]  [0.3168, 0.6486]
398	:	[20]  ->  [89]  [0.3188, 0.6647]
399	:	[89]  ->  [20]  [0.3188, 0.6300]
400	:	[20]  ->  [35]  [0.3092, 0.6447]
401	:	[35]  ->  [20]  [0.3092, 0.6030]
402	:	[20]  ->  [84]  [0.3096, 0.6455]
403	:	[20]  ->  [4]  [0.3004, 0.6264]
404	:	[20]  ->  [10]  [0.3216, 0.6706]
405	:	[10]  ->  [20]  [0.3216, 0.6032]
406	:	[20]  ->  [68]  [0.3156, 0.6580]
407	:	[20]  ->  [29]  [0.3188, 0.6647]
408	:	[20]  ->  [52]  [0.3200, 0.6672]
409	:	[20]  ->  [49]  [0.3328, 0.6939]
410	:	[20]  ->  [45]  [0.3372, 0.7031]
411	:	[20]  ->  [51]  [0.3292, 0.6864]
412	:	[20]  ->  [67]  [0.3136, 0.6539]
413	:	[20]  ->  [75]  [0.3012, 0.6280]
414	:	[20]  ->  [76]  [0.3196, 0.6664]
415	:	[20]  ->  [71]  [0.3312, 0.6906]
416	:	[43]  ->  [32]  [0.3208, 0.6639]
417	:	[32]  ->  [43]  [0.3208, 0.6452]
418	:	[43]  ->  [78]  [0.3008, 0.6225]
419	:	[78]  ->  [43]  [0.3008, 0.6030]
420	:	[43]  ->  [53]  [0.3140, 0.6498]
421	:	[53]  ->  [43]  [0.3140, 0.6215]
422	:	[43]  ->  [35]  [0.3052, 0.6316]
423	:	[43]  ->  [84]  [0.3084, 0.6382]
424	:	[43]  ->  [37]  [0.3004, 0.6217]
425	:	[43]  ->  [10]  [0.3032, 0.6275]
426	:	[43]  ->  [68]  [0.3392, 0.7020]
427	:	[68]  ->  [43]  [0.3392, 0.6101]
428	:	[43]  ->  [62]  [0.3044, 0.6300]
429	:	[43]  ->  [49]  [0.3076, 0.6366]
430	:	[43]  ->  [45]  [0.3236, 0.6697]
431	:	[43]  ->  [51]  [0.3184, 0.6589]
432	:	[43]  ->  [67]  [0.3196, 0.6614]
433	:	[43]  ->  [75]  [0.3516, 0.7276]
434	:	[43]  ->  [76]  [0.3476, 0.7194]
435	:	[43]  ->  [71]  [0.3388, 0.7012]
436	:	[30]  ->  [96]  [0.3000, 0.6173]
437	:	[30]  ->  [33]  [0.3092, 0.6362]
438	:	[33]  ->  [30]  [0.3092, 0.6106]
439	:	[30]  ->  [60]  [0.3128, 0.6436]
440	:	[60]  ->  [30]  [0.3128, 0.6015]
441	:	[30]  ->  [5]  [0.3040, 0.6255]
442	:	[30]  ->  [91]  [0.3116, 0.6412]
443	:	[30]  ->  [73]  [0.3144, 0.6469]
444	:	[30]  ->  [68]  [0.3044, 0.6263]
445	:	[30]  ->  [29]  [0.3208, 0.6601]
446	:	[30]  ->  [52]  [0.3004, 0.6181]
447	:	[30]  ->  [49]  [0.3328, 0.6848]
448	:	[30]  ->  [45]  [0.3512, 0.7226]
449	:	[45]  ->  [30]  [0.3512, 0.6076]
450	:	[30]  ->  [51]  [0.3188, 0.6560]
451	:	[30]  ->  [67]  [0.3180, 0.6543]
452	:	[30]  ->  [75]  [0.3192, 0.6568]
453	:	[30]  ->  [76]  [0.3528, 0.7259]
454	:	[76]  ->  [30]  [0.3528, 0.6004]
455	:	[30]  ->  [71]  [0.3384, 0.6963]
456	:	[26]  ->  [36]  [0.3052, 0.6275]
457	:	[36]  ->  [26]  [0.3052, 0.6114]
458	:	[26]  ->  [89]  [0.3100, 0.6373]
459	:	[89]  ->  [26]  [0.3100, 0.6126]
460	:	[26]  ->  [33]  [0.3408, 0.7007]
461	:	[33]  ->  [26]  [0.3408, 0.6730]
462	:	[26]  ->  [35]  [0.3220, 0.6620]
463	:	[35]  ->  [26]  [0.3220, 0.6279]
464	:	[26]  ->  [23]  [0.3192, 0.6563]
465	:	[23]  ->  [26]  [0.3192, 0.6157]
466	:	[26]  ->  [84]  [0.3252, 0.6686]
467	:	[84]  ->  [26]  [0.3252, 0.6259]
468	:	[26]  ->  [5]  [0.3100, 0.6373]
469	:	[26]  ->  [91]  [0.3044, 0.6258]
470	:	[26]  ->  [4]  [0.3200, 0.6579]
471	:	[4]  ->  [26]  [0.3200, 0.6102]
472	:	[26]  ->  [37]  [0.3040, 0.6250]
473	:	[26]  ->  [73]  [0.3056, 0.6283]
474	:	[26]  ->  [10]  [0.3080, 0.6332]
475	:	[26]  ->  [68]  [0.3188, 0.6554]
476	:	[26]  ->  [62]  [0.3472, 0.7138]
477	:	[62]  ->  [26]  [0.3472, 0.6174]
478	:	[26]  ->  [29]  [0.3316, 0.6817]
479	:	[26]  ->  [52]  [0.3184, 0.6546]
480	:	[26]  ->  [49]  [0.3060, 0.6291]
481	:	[26]  ->  [45]  [0.3172, 0.6521]
482	:	[26]  ->  [51]  [0.3320, 0.6826]
483	:	[26]  ->  [75]  [0.3348, 0.6883]
484	:	[26]  ->  [76]  [0.3344, 0.6875]
485	:	[26]  ->  [71]  [0.3472, 0.7138]
486	:	[42]  ->  [93]  [0.3156, 0.6483]
487	:	[93]  ->  [42]  [0.3156, 0.6425]
488	:	[42]  ->  [78]  [0.3092, 0.6352]
489	:	[78]  ->  [42]  [0.3092, 0.6199]
490	:	[42]  ->  [36]  [0.3040, 0.6245]
491	:	[36]  ->  [42]  [0.3040, 0.6090]
492	:	[42]  ->  [96]  [0.3132, 0.6434]
493	:	[96]  ->  [42]  [0.3132, 0.6244]
494	:	[42]  ->  [53]  [0.3016, 0.6196]
495	:	[42]  ->  [35]  [0.3076, 0.6319]
496	:	[42]  ->  [60]  [0.3348, 0.6878]
497	:	[60]  ->  [42]  [0.3348, 0.6438]
498	:	[42]  ->  [5]  [0.3052, 0.6270]
499	:	[42]  ->  [91]  [0.3124, 0.6417]
500	:	[42]  ->  [37]  [0.3140, 0.6450]
501	:	[42]  ->  [10]  [0.3060, 0.6286]
502	:	[42]  ->  [68]  [0.3032, 0.6228]
503	:	[42]  ->  [62]  [0.3096, 0.6360]
504	:	[42]  ->  [29]  [0.3312, 0.6804]
505	:	[42]  ->  [52]  [0.3340, 0.6861]
506	:	[42]  ->  [45]  [0.3044, 0.6253]
507	:	[42]  ->  [67]  [0.3468, 0.7124]
508	:	[42]  ->  [71]  [0.3460, 0.7108]
509	:	[11]  ->  [78]  [0.3012, 0.6167]
510	:	[78]  ->  [11]  [0.3012, 0.6038]
511	:	[11]  ->  [89]  [0.3160, 0.6470]
512	:	[89]  ->  [11]  [0.3160, 0.6245]
513	:	[11]  ->  [35]  [0.3220, 0.6593]
514	:	[35]  ->  [11]  [0.3220, 0.6279]
515	:	[11]  ->  [23]  [0.3136, 0.6421]
516	:	[23]  ->  [11]  [0.3136, 0.6049]
517	:	[11]  ->  [84]  [0.3188, 0.6527]
518	:	[84]  ->  [11]  [0.3188, 0.6135]
519	:	[11]  ->  [31]  [0.3040, 0.6224]
520	:	[11]  ->  [91]  [0.3036, 0.6216]
521	:	[11]  ->  [4]  [0.3460, 0.7084]
522	:	[4]  ->  [11]  [0.3460, 0.6598]
523	:	[11]  ->  [73]  [0.3140, 0.6429]
524	:	[11]  ->  [68]  [0.3144, 0.6437]
525	:	[11]  ->  [62]  [0.3260, 0.6675]
526	:	[11]  ->  [29]  [0.3188, 0.6527]
527	:	[11]  ->  [52]  [0.3200, 0.6552]
528	:	[11]  ->  [49]  [0.3236, 0.6626]
529	:	[11]  ->  [45]  [0.3108, 0.6364]
530	:	[11]  ->  [51]  [0.3344, 0.6847]
531	:	[11]  ->  [75]  [0.3248, 0.6650]
532	:	[11]  ->  [76]  [0.3400, 0.6962]
533	:	[11]  ->  [71]  [0.3180, 0.6511]
534	:	[93]  ->  [19]  [0.3036, 0.6181]
535	:	[19]  ->  [93]  [0.3036, 0.6111]
536	:	[93]  ->  [32]  [0.3044, 0.6197]
537	:	[32]  ->  [93]  [0.3044, 0.6122]
538	:	[93]  ->  [78]  [0.3092, 0.6295]
539	:	[78]  ->  [93]  [0.3092, 0.6199]
540	:	[93]  ->  [96]  [0.3308, 0.6735]
541	:	[96]  ->  [93]  [0.3308, 0.6595]
542	:	[93]  ->  [53]  [0.3152, 0.6417]
543	:	[53]  ->  [93]  [0.3152, 0.6239]
544	:	[93]  ->  [89]  [0.3072, 0.6254]
545	:	[89]  ->  [93]  [0.3072, 0.6071]
546	:	[93]  ->  [35]  [0.3056, 0.6221]
547	:	[93]  ->  [23]  [0.3120, 0.6352]
548	:	[23]  ->  [93]  [0.3120, 0.6019]
549	:	[93]  ->  [84]  [0.3016, 0.6140]
550	:	[93]  ->  [60]  [0.3184, 0.6482]
551	:	[60]  ->  [93]  [0.3184, 0.6123]
552	:	[93]  ->  [5]  [0.3108, 0.6327]
553	:	[93]  ->  [91]  [0.3196, 0.6507]
554	:	[91]  ->  [93]  [0.3196, 0.6095]
555	:	[93]  ->  [37]  [0.3108, 0.6327]
556	:	[93]  ->  [73]  [0.3000, 0.6107]
557	:	[93]  ->  [68]  [0.3196, 0.6507]
558	:	[93]  ->  [62]  [0.3024, 0.6156]
559	:	[93]  ->  [29]  [0.3324, 0.6767]
560	:	[93]  ->  [52]  [0.3492, 0.7109]
561	:	[52]  ->  [93]  [0.3492, 0.6101]
562	:	[93]  ->  [49]  [0.3284, 0.6686]
563	:	[93]  ->  [45]  [0.3324, 0.6767]
564	:	[93]  ->  [51]  [0.3216, 0.6547]
565	:	[93]  ->  [67]  [0.3256, 0.6629]
566	:	[93]  ->  [75]  [0.3344, 0.6808]
567	:	[93]  ->  [76]  [0.3412, 0.6946]
568	:	[93]  ->  [71]  [0.3452, 0.7028]
569	:	[100]  ->  [32]  [0.3132, 0.6345]
570	:	[32]  ->  [100]  [0.3132, 0.6299]
571	:	[100]  ->  [89]  [0.3224, 0.6532]
572	:	[89]  ->  [100]  [0.3224, 0.6372]
573	:	[100]  ->  [33]  [0.3032, 0.6143]
574	:	[100]  ->  [60]  [0.3164, 0.6410]
575	:	[60]  ->  [100]  [0.3164, 0.6085]
576	:	[100]  ->  [5]  [0.3248, 0.6580]
577	:	[5]  ->  [100]  [0.3248, 0.6189]
578	:	[100]  ->  [31]  [0.3244, 0.6572]
579	:	[31]  ->  [100]  [0.3244, 0.6163]
580	:	[100]  ->  [91]  [0.3128, 0.6337]
581	:	[100]  ->  [37]  [0.3064, 0.6207]
582	:	[100]  ->  [10]  [0.3168, 0.6418]
583	:	[100]  ->  [68]  [0.3200, 0.6483]
584	:	[100]  ->  [62]  [0.3420, 0.6929]
585	:	[62]  ->  [100]  [0.3420, 0.6081]
586	:	[100]  ->  [29]  [0.3276, 0.6637]
587	:	[100]  ->  [52]  [0.3184, 0.6451]
588	:	[100]  ->  [49]  [0.3540, 0.7172]
589	:	[49]  ->  [100]  [0.3540, 0.6025]
590	:	[100]  ->  [45]  [0.3172, 0.6426]
591	:	[100]  ->  [51]  [0.3492, 0.7075]
592	:	[100]  ->  [67]  [0.3768, 0.7634]
593	:	[67]  ->  [100]  [0.3768, 0.6089]
594	:	[100]  ->  [67, 71]  [0.3068, 0.6216]
595	:	[67, 71]  ->  [100]  [0.3068, 0.7188]
596	:	[100, 71]  ->  [67]  [0.3068, 0.8319]
597	:	[100, 67]  ->  [71]  [0.3068, 0.8142]
598	:	[100]  ->  [75]  [0.3128, 0.6337]
599	:	[100]  ->  [76]  [0.3292, 0.6669]
600	:	[100]  ->  [71]  [0.3688, 0.7472]
601	:	[71]  ->  [100]  [0.3688, 0.6130]
602	:	[19]  ->  [96]  [0.3056, 0.6151]
603	:	[96]  ->  [19]  [0.3056, 0.6093]
604	:	[19]  ->  [53]  [0.3044, 0.6127]
605	:	[53]  ->  [19]  [0.3044, 0.6025]
606	:	[19]  ->  [35]  [0.3216, 0.6473]
607	:	[35]  ->  [19]  [0.3216, 0.6271]
608	:	[19]  ->  [23]  [0.3008, 0.6055]
609	:	[19]  ->  [84]  [0.3076, 0.6192]
610	:	[19]  ->  [60]  [0.3212, 0.6465]
611	:	[60]  ->  [19]  [0.3212, 0.6177]
612	:	[19]  ->  [5]  [0.3060, 0.6159]
613	:	[19]  ->  [31]  [0.3060, 0.6159]
614	:	[19]  ->  [91]  [0.3128, 0.6296]
615	:	[19]  ->  [37]  [0.3044, 0.6127]
616	:	[19]  ->  [73]  [0.3012, 0.6063]
617	:	[19]  ->  [68]  [0.3084, 0.6208]
618	:	[19]  ->  [62]  [0.3112, 0.6264]
619	:	[19]  ->  [29]  [0.3260, 0.6562]
620	:	[19]  ->  [52]  [0.3408, 0.6860]
621	:	[19]  ->  [49]  [0.3444, 0.6932]
622	:	[19]  ->  [45]  [0.3080, 0.6200]
623	:	[19]  ->  [51]  [0.3192, 0.6425]
624	:	[19]  ->  [67]  [0.3320, 0.6683]
625	:	[19]  ->  [75]  [0.3424, 0.6892]
626	:	[19]  ->  [76]  [0.3336, 0.6715]
627	:	[19]  ->  [71]  [0.3504, 0.7053]
628	:	[32]  ->  [53]  [0.3092, 0.6219]
629	:	[53]  ->  [32]  [0.3092, 0.6120]
630	:	[32]  ->  [33]  [0.3044, 0.6122]
631	:	[33]  ->  [32]  [0.3044, 0.6011]
632	:	[32]  ->  [35]  [0.3012, 0.6058]
633	:	[32]  ->  [23]  [0.3068, 0.6171]
634	:	[32]  ->  [84]  [0.3176, 0.6388]
635	:	[84]  ->  [32]  [0.3176, 0.6112]
636	:	[32]  ->  [5]  [0.3136, 0.6307]
637	:	[32]  ->  [4]  [0.3064, 0.6163]
638	:	[32]  ->  [73]  [0.3112, 0.6259]
639	:	[32]  ->  [10]  [0.3252, 0.6541]
640	:	[10]  ->  [32]  [0.3252, 0.6099]
641	:	[32]  ->  [68]  [0.3384, 0.6806]
642	:	[68]  ->  [32]  [0.3384, 0.6086]
643	:	[32]  ->  [62]  [0.3212, 0.6460]
644	:	[32]  ->  [52]  [0.3112, 0.6259]
645	:	[32]  ->  [49]  [0.3252, 0.6541]
646	:	[32]  ->  [45]  [0.3412, 0.6862]
647	:	[32]  ->  [51]  [0.3200, 0.6436]
648	:	[32]  ->  [67]  [0.3096, 0.6227]
649	:	[32]  ->  [75]  [0.3540, 0.7120]
650	:	[32]  ->  [76]  [0.3188, 0.6412]
651	:	[32]  ->  [71]  [0.3352, 0.6742]
652	:	[78]  ->  [96]  [0.3100, 0.6215]
653	:	[96]  ->  [78]  [0.3100, 0.6180]
654	:	[78]  ->  [53]  [0.3076, 0.6167]
655	:	[53]  ->  [78]  [0.3076, 0.6089]
656	:	[78]  ->  [33]  [0.3076, 0.6167]
657	:	[33]  ->  [78]  [0.3076, 0.6074]
658	:	[78]  ->  [5]  [0.3112, 0.6239]
659	:	[78]  ->  [31]  [0.3352, 0.6720]
660	:	[31]  ->  [78]  [0.3352, 0.6368]
661	:	[78]  ->  [91]  [0.3016, 0.6047]
662	:	[78]  ->  [4]  [0.3036, 0.6087]
663	:	[78]  ->  [37]  [0.3300, 0.6616]
664	:	[37]  ->  [78]  [0.3300, 0.6259]
665	:	[78]  ->  [73]  [0.3140, 0.6295]
666	:	[78]  ->  [10]  [0.3048, 0.6111]
667	:	[78]  ->  [68]  [0.3176, 0.6367]
668	:	[78]  ->  [62]  [0.3172, 0.6359]
669	:	[78]  ->  [29]  [0.3160, 0.6335]
670	:	[78]  ->  [52]  [0.3280, 0.6576]
671	:	[78]  ->  [49]  [0.3004, 0.6022]
672	:	[78]  ->  [45]  [0.3340, 0.6696]
673	:	[78]  ->  [51]  [0.3088, 0.6191]
674	:	[78]  ->  [67]  [0.3312, 0.6640]
675	:	[78]  ->  [75]  [0.3488, 0.6993]
676	:	[78]  ->  [76]  [0.3500, 0.7017]
677	:	[78]  ->  [71]  [0.3556, 0.7129]
678	:	[36]  ->  [96]  [0.3304, 0.6619]
679	:	[96]  ->  [36]  [0.3304, 0.6587]
680	:	[36]  ->  [89]  [0.3184, 0.6378]
681	:	[89]  ->  [36]  [0.3184, 0.6292]
682	:	[36]  ->  [23]  [0.3000, 0.6010]
683	:	[36]  ->  [60]  [0.3172, 0.6354]
684	:	[60]  ->  [36]  [0.3172, 0.6100]
685	:	[36]  ->  [5]  [0.3104, 0.6218]
686	:	[36]  ->  [31]  [0.3076, 0.6162]
687	:	[36]  ->  [91]  [0.3088, 0.6186]
688	:	[36]  ->  [4]  [0.3112, 0.6234]
689	:	[36]  ->  [37]  [0.3116, 0.6242]
690	:	[36]  ->  [73]  [0.3220, 0.6450]
691	:	[36]  ->  [10]  [0.3264, 0.6538]
692	:	[10]  ->  [36]  [0.3264, 0.6122]
693	:	[36]  ->  [68]  [0.3304, 0.6619]
694	:	[36]  ->  [62]  [0.3188, 0.6386]
695	:	[36]  ->  [29]  [0.3228, 0.6466]
696	:	[36]  ->  [52]  [0.3592, 0.7196]
697	:	[52]  ->  [36]  [0.3592, 0.6275]
698	:	[36]  ->  [49]  [0.3372, 0.6755]
699	:	[36]  ->  [45]  [0.3508, 0.7027]
700	:	[45]  ->  [36]  [0.3508, 0.6069]
701	:	[36]  ->  [51]  [0.3392, 0.6795]
702	:	[36]  ->  [67]  [0.3660, 0.7332]
703	:	[36]  ->  [75]  [0.3084, 0.6178]
704	:	[36]  ->  [76]  [0.3264, 0.6538]
705	:	[36]  ->  [71]  [0.3656, 0.7324]
706	:	[71]  ->  [36]  [0.3656, 0.6077]
707	:	[96]  ->  [53]  [0.3180, 0.6340]
708	:	[53]  ->  [96]  [0.3180, 0.6295]
709	:	[96]  ->  [89]  [0.3236, 0.6451]
710	:	[89]  ->  [96]  [0.3236, 0.6395]
711	:	[96]  ->  [35]  [0.3204, 0.6388]
712	:	[35]  ->  [96]  [0.3204, 0.6248]
713	:	[96]  ->  [23]  [0.3080, 0.6140]
714	:	[96]  ->  [5]  [0.3200, 0.6380]
715	:	[5]  ->  [96]  [0.3200, 0.6098]
716	:	[96]  ->  [31]  [0.3196, 0.6372]
717	:	[31]  ->  [96]  [0.3196, 0.6071]
718	:	[96]  ->  [91]  [0.3296, 0.6571]
719	:	[91]  ->  [96]  [0.3296, 0.6285]
720	:	[96]  ->  [37]  [0.3156, 0.6292]
721	:	[96]  ->  [73]  [0.3060, 0.6100]
722	:	[96]  ->  [10]  [0.3240, 0.6459]
723	:	[10]  ->  [96]  [0.3240, 0.6077]
724	:	[96]  ->  [68]  [0.3296, 0.6571]
725	:	[96]  ->  [62]  [0.3324, 0.6627]
726	:	[96]  ->  [29]  [0.3208, 0.6396]
727	:	[96]  ->  [52]  [0.3320, 0.6619]
728	:	[96]  ->  [49]  [0.3380, 0.6738]
729	:	[96]  ->  [45]  [0.3552, 0.7081]
730	:	[45]  ->  [96]  [0.3552, 0.6145]
731	:	[96]  ->  [51]  [0.3276, 0.6531]
732	:	[96]  ->  [67]  [0.3404, 0.6786]
733	:	[96]  ->  [75]  [0.3316, 0.6611]
734	:	[96]  ->  [76]  [0.3376, 0.6730]
735	:	[96]  ->  [71]  [0.3580, 0.7137]
736	:	[53]  ->  [89]  [0.3164, 0.6263]
737	:	[89]  ->  [53]  [0.3164, 0.6253]
738	:	[53]  ->  [84]  [0.3404, 0.6738]
739	:	[84]  ->  [53]  [0.3404, 0.6551]
740	:	[53]  ->  [5]  [0.3132, 0.6200]
741	:	[53]  ->  [31]  [0.3484, 0.6896]
742	:	[31]  ->  [53]  [0.3484, 0.6619]
743	:	[53]  ->  [4]  [0.3108, 0.6152]
744	:	[53]  ->  [37]  [0.3076, 0.6089]
745	:	[53]  ->  [73]  [0.3120, 0.6176]
746	:	[53]  ->  [10]  [0.3320, 0.6572]
747	:	[10]  ->  [53]  [0.3320, 0.6227]
748	:	[53]  ->  [68]  [0.3144, 0.6223]
749	:	[53]  ->  [62]  [0.3296, 0.6524]
750	:	[53]  ->  [29]  [0.3328, 0.6587]
751	:	[53]  ->  [52]  [0.3292, 0.6516]
752	:	[53]  ->  [49]  [0.3156, 0.6247]
753	:	[53]  ->  [45]  [0.3424, 0.6778]
754	:	[53]  ->  [67]  [0.3328, 0.6587]
755	:	[53]  ->  [75]  [0.3432, 0.6793]
756	:	[53]  ->  [76]  [0.3284, 0.6500]
757	:	[53]  ->  [71]  [0.3524, 0.6975]
758	:	[89]  ->  [23]  [0.3260, 0.6443]
759	:	[23]  ->  [89]  [0.3260, 0.6289]
760	:	[89]  ->  [84]  [0.3072, 0.6071]
761	:	[89]  ->  [5]  [0.3052, 0.6032]
762	:	[89]  ->  [31]  [0.3188, 0.6300]
763	:	[31]  ->  [89]  [0.3188, 0.6056]
764	:	[89]  ->  [91]  [0.3184, 0.6292]
765	:	[91]  ->  [89]  [0.3184, 0.6072]
766	:	[89]  ->  [4]  [0.3112, 0.6150]
767	:	[89]  ->  [37]  [0.3252, 0.6427]
768	:	[37]  ->  [89]  [0.3252, 0.6168]
769	:	[89]  ->  [10]  [0.3336, 0.6593]
770	:	[10]  ->  [89]  [0.3336, 0.6257]
771	:	[89]  ->  [68]  [0.3248, 0.6419]
772	:	[89]  ->  [62]  [0.3440, 0.6798]
773	:	[62]  ->  [89]  [0.3440, 0.6117]
774	:	[89]  ->  [29]  [0.3232, 0.6387]
775	:	[89]  ->  [52]  [0.3384, 0.6688]
776	:	[89]  ->  [49]  [0.3600, 0.7115]
777	:	[49]  ->  [89]  [0.3600, 0.6127]
778	:	[89]  ->  [45]  [0.3724, 0.7360]
779	:	[45]  ->  [89]  [0.3724, 0.6443]
780	:	[89]  ->  [51]  [0.3380, 0.6680]
781	:	[89]  ->  [67]  [0.3356, 0.6632]
782	:	[89]  ->  [75]  [0.3368, 0.6656]
783	:	[89]  ->  [76]  [0.3444, 0.6806]
784	:	[89]  ->  [71]  [0.3636, 0.7186]
785	:	[71]  ->  [89]  [0.3636, 0.6044]
786	:	[33]  ->  [35]  [0.3208, 0.6335]
787	:	[35]  ->  [33]  [0.3208, 0.6256]
788	:	[33]  ->  [23]  [0.3244, 0.6406]
789	:	[23]  ->  [33]  [0.3244, 0.6258]
790	:	[33]  ->  [84]  [0.3076, 0.6074]
791	:	[33]  ->  [60]  [0.3048, 0.6019]
792	:	[33]  ->  [5]  [0.3092, 0.6106]
793	:	[33]  ->  [91]  [0.3040, 0.6003]
794	:	[33]  ->  [4]  [0.3452, 0.6817]
795	:	[4]  ->  [33]  [0.3452, 0.6583]
796	:	[33]  ->  [37]  [0.3224, 0.6367]
797	:	[37]  ->  [33]  [0.3224, 0.6115]
798	:	[33]  ->  [73]  [0.3244, 0.6406]
799	:	[73]  ->  [33]  [0.3244, 0.6043]
800	:	[33]  ->  [10]  [0.3300, 0.6517]
801	:	[10]  ->  [33]  [0.3300, 0.6189]
802	:	[33]  ->  [68]  [0.3148, 0.6216]
803	:	[33]  ->  [62]  [0.3280, 0.6477]
804	:	[33]  ->  [29]  [0.3120, 0.6161]
805	:	[33]  ->  [52]  [0.3348, 0.6611]
806	:	[33]  ->  [49]  [0.3400, 0.6714]
807	:	[33]  ->  [45]  [0.3308, 0.6532]
808	:	[33]  ->  [51]  [0.3412, 0.6738]
809	:	[33]  ->  [67]  [0.3292, 0.6501]
810	:	[33]  ->  [75]  [0.3364, 0.6643]
811	:	[33]  ->  [76]  [0.3352, 0.6619]
812	:	[33]  ->  [71]  [0.3500, 0.6912]
813	:	[35]  ->  [23]  [0.3152, 0.6147]
814	:	[23]  ->  [35]  [0.3152, 0.6080]
815	:	[35]  ->  [84]  [0.3736, 0.7285]
816	:	[84]  ->  [35]  [0.3736, 0.7190]
817	:	[35]  ->  [60]  [0.3208, 0.6256]
818	:	[60]  ->  [35]  [0.3208, 0.6169]
819	:	[35]  ->  [4]  [0.3392, 0.6615]
820	:	[4]  ->  [35]  [0.3392, 0.6468]
821	:	[35]  ->  [37]  [0.3204, 0.6248]
822	:	[37]  ->  [35]  [0.3204, 0.6077]
823	:	[35]  ->  [10]  [0.3316, 0.6466]
824	:	[10]  ->  [35]  [0.3316, 0.6219]
825	:	[35]  ->  [68]  [0.3376, 0.6583]
826	:	[68]  ->  [35]  [0.3376, 0.6072]
827	:	[35]  ->  [62]  [0.3088, 0.6022]
828	:	[35]  ->  [29]  [0.3440, 0.6708]
829	:	[29]  ->  [35]  [0.3440, 0.6160]
830	:	[35]  ->  [52]  [0.3328, 0.6490]
831	:	[35]  ->  [49]  [0.3324, 0.6482]
832	:	[35]  ->  [45]  [0.3240, 0.6318]
833	:	[35]  ->  [51]  [0.3552, 0.6927]
834	:	[51]  ->  [35]  [0.3552, 0.6099]
835	:	[35]  ->  [67]  [0.3248, 0.6334]
836	:	[35]  ->  [75]  [0.3344, 0.6521]
837	:	[35]  ->  [76]  [0.3340, 0.6513]
838	:	[35]  ->  [71]  [0.3680, 0.7176]
839	:	[71]  ->  [35]  [0.3680, 0.6117]
840	:	[23]  ->  [84]  [0.3324, 0.6412]
841	:	[84]  ->  [23]  [0.3324, 0.6397]
842	:	[23]  ->  [60]  [0.3264, 0.6296]
843	:	[60]  ->  [23]  [0.3264, 0.6277]
844	:	[23]  ->  [5]  [0.3444, 0.6644]
845	:	[5]  ->  [23]  [0.3444, 0.6563]
846	:	[23]  ->  [31]  [0.3196, 0.6165]
847	:	[31]  ->  [23]  [0.3196, 0.6071]
848	:	[23]  ->  [91]  [0.3172, 0.6119]
849	:	[91]  ->  [23]  [0.3172, 0.6049]
850	:	[23]  ->  [4]  [0.3164, 0.6103]
851	:	[4]  ->  [23]  [0.3164, 0.6034]
852	:	[23]  ->  [37]  [0.3372, 0.6505]
853	:	[37]  ->  [23]  [0.3372, 0.6396]
854	:	[23]  ->  [73]  [0.3388, 0.6535]
855	:	[73]  ->  [23]  [0.3388, 0.6311]
856	:	[23]  ->  [10]  [0.3324, 0.6412]
857	:	[10]  ->  [23]  [0.3324, 0.6234]
858	:	[23]  ->  [68]  [0.3300, 0.6366]
859	:	[23]  ->  [62]  [0.3428, 0.6613]
860	:	[62]  ->  [23]  [0.3428, 0.6095]
861	:	[23]  ->  [29]  [0.3348, 0.6458]
862	:	[23]  ->  [52]  [0.3440, 0.6636]
863	:	[52]  ->  [23]  [0.3440, 0.6010]
864	:	[23]  ->  [49]  [0.3344, 0.6451]
865	:	[23]  ->  [45]  [0.3196, 0.6165]
866	:	[23]  ->  [51]  [0.3516, 0.6782]
867	:	[51]  ->  [23]  [0.3516, 0.6037]
868	:	[23]  ->  [67]  [0.3312, 0.6389]
869	:	[23]  ->  [75]  [0.3436, 0.6628]
870	:	[23]  ->  [76]  [0.3516, 0.6782]
871	:	[23]  ->  [71]  [0.3440, 0.6636]
872	:	[84]  ->  [31]  [0.3328, 0.6405]
873	:	[31]  ->  [84]  [0.3328, 0.6322]
874	:	[84]  ->  [91]  [0.3492, 0.6721]
875	:	[91]  ->  [84]  [0.3492, 0.6659]
876	:	[84]  ->  [4]  [0.3376, 0.6497]
877	:	[4]  ->  [84]  [0.3376, 0.6438]
878	:	[84]  ->  [37]  [0.3288, 0.6328]
879	:	[37]  ->  [84]  [0.3288, 0.6237]
880	:	[84]  ->  [73]  [0.3128, 0.6020]
881	:	[84]  ->  [68]  [0.3420, 0.6582]
882	:	[68]  ->  [84]  [0.3420, 0.6151]
883	:	[84]  ->  [62]  [0.3332, 0.6413]
884	:	[84]  ->  [29]  [0.3400, 0.6543]
885	:	[29]  ->  [84]  [0.3400, 0.6089]
886	:	[84]  ->  [52]  [0.3240, 0.6236]
887	:	[84]  ->  [49]  [0.3472, 0.6682]
888	:	[84]  ->  [45]  [0.3208, 0.6174]
889	:	[84]  ->  [51]  [0.3620, 0.6967]
890	:	[51]  ->  [84]  [0.3620, 0.6216]
891	:	[84]  ->  [67]  [0.3344, 0.6436]
892	:	[84]  ->  [75]  [0.3624, 0.6975]
893	:	[84]  ->  [76]  [0.3608, 0.6944]
894	:	[76]  ->  [84]  [0.3608, 0.6140]
895	:	[84]  ->  [71]  [0.3664, 0.7052]
896	:	[71]  ->  [84]  [0.3664, 0.6090]
897	:	[60]  ->  [5]  [0.3156, 0.6069]
898	:	[5]  ->  [60]  [0.3156, 0.6014]
899	:	[60]  ->  [31]  [0.3148, 0.6054]
900	:	[60]  ->  [91]  [0.3368, 0.6477]
901	:	[91]  ->  [60]  [0.3368, 0.6423]
902	:	[60]  ->  [37]  [0.3368, 0.6477]
903	:	[37]  ->  [60]  [0.3368, 0.6388]
904	:	[60]  ->  [73]  [0.3224, 0.6200]
905	:	[73]  ->  [60]  [0.3224, 0.6006]
906	:	[60]  ->  [10]  [0.3280, 0.6308]
907	:	[10]  ->  [60]  [0.3280, 0.6152]
908	:	[60]  ->  [68]  [0.3264, 0.6277]
909	:	[60]  ->  [62]  [0.3140, 0.6038]
910	:	[60]  ->  [29]  [0.3488, 0.6708]
911	:	[29]  ->  [60]  [0.3488, 0.6246]
912	:	[60]  ->  [52]  [0.3368, 0.6477]
913	:	[60]  ->  [49]  [0.3264, 0.6277]
914	:	[60]  ->  [51]  [0.3680, 0.7077]
915	:	[51]  ->  [60]  [0.3680, 0.6319]
916	:	[60]  ->  [67]  [0.3472, 0.6677]
917	:	[60]  ->  [76]  [0.3528, 0.6785]
918	:	[76]  ->  [60]  [0.3528, 0.6004]
919	:	[60]  ->  [71]  [0.3876, 0.7454]
920	:	[71]  ->  [60]  [0.3876, 0.6443]
921	:	[5]  ->  [31]  [0.3248, 0.6189]
922	:	[31]  ->  [5]  [0.3248, 0.6170]
923	:	[5]  ->  [91]  [0.3412, 0.6502]
924	:	[91]  ->  [5]  [0.3412, 0.6506]
925	:	[5]  ->  [4]  [0.3152, 0.6006]
926	:	[4]  ->  [5]  [0.3152, 0.6011]
927	:	[5]  ->  [68]  [0.3588, 0.6837]
928	:	[68]  ->  [5]  [0.3588, 0.6453]
929	:	[5]  ->  [62]  [0.3472, 0.6616]
930	:	[62]  ->  [5]  [0.3472, 0.6174]
931	:	[5]  ->  [29]  [0.3472, 0.6616]
932	:	[29]  ->  [5]  [0.3472, 0.6218]
933	:	[5]  ->  [52]  [0.3668, 0.6989]
934	:	[52]  ->  [5]  [0.3668, 0.6408]
935	:	[5]  ->  [49]  [0.3500, 0.6669]
936	:	[5]  ->  [45]  [0.3676, 0.7005]
937	:	[45]  ->  [5]  [0.3676, 0.6360]
938	:	[5]  ->  [51]  [0.3232, 0.6159]
939	:	[5]  ->  [67]  [0.3640, 0.6936]
940	:	[5]  ->  [75]  [0.3428, 0.6532]
941	:	[5]  ->  [76]  [0.3468, 0.6608]
942	:	[5]  ->  [71]  [0.3720, 0.7088]
943	:	[71]  ->  [5]  [0.3720, 0.6184]
944	:	[31]  ->  [4]  [0.3440, 0.6535]
945	:	[4]  ->  [31]  [0.3440, 0.6560]
946	:	[31]  ->  [37]  [0.3376, 0.6413]
947	:	[37]  ->  [31]  [0.3376, 0.6404]
948	:	[31]  ->  [73]  [0.3276, 0.6223]
949	:	[73]  ->  [31]  [0.3276, 0.6103]
950	:	[31]  ->  [10]  [0.3468, 0.6588]
951	:	[10]  ->  [31]  [0.3468, 0.6504]
952	:	[31]  ->  [68]  [0.3440, 0.6535]
953	:	[68]  ->  [31]  [0.3440, 0.6187]
954	:	[31]  ->  [62]  [0.3396, 0.6451]
955	:	[62]  ->  [31]  [0.3396, 0.6038]
956	:	[31]  ->  [29]  [0.3404, 0.6467]
957	:	[29]  ->  [31]  [0.3404, 0.6096]
958	:	[31]  ->  [52]  [0.3416, 0.6489]
959	:	[31]  ->  [49]  [0.3320, 0.6307]
960	:	[31]  ->  [45]  [0.3628, 0.6892]
961	:	[45]  ->  [31]  [0.3628, 0.6277]
962	:	[31]  ->  [51]  [0.3256, 0.6185]
963	:	[31]  ->  [67]  [0.3600, 0.6839]
964	:	[31]  ->  [75]  [0.3556, 0.6755]
965	:	[31]  ->  [76]  [0.3740, 0.7105]
966	:	[76]  ->  [31]  [0.3740, 0.6365]
967	:	[76, 71]  ->  [31]  [0.3000, 0.7260]
968	:	[31, 71]  ->  [76]  [0.3000, 0.7821]
969	:	[31, 76]  ->  [71]  [0.3000, 0.8021]
970	:	[31]  ->  [71]  [0.3836, 0.7287]
971	:	[71]  ->  [31]  [0.3836, 0.6376]
972	:	[91]  ->  [4]  [0.3252, 0.6201]
973	:	[4]  ->  [91]  [0.3252, 0.6201]
974	:	[91]  ->  [37]  [0.3336, 0.6362]
975	:	[37]  ->  [91]  [0.3336, 0.6328]
976	:	[91]  ->  [68]  [0.3288, 0.6270]
977	:	[91]  ->  [62]  [0.3280, 0.6255]
978	:	[91]  ->  [29]  [0.3688, 0.7033]
979	:	[29]  ->  [91]  [0.3688, 0.6605]
980	:	[91]  ->  [52]  [0.3252, 0.6201]
981	:	[91]  ->  [49]  [0.3732, 0.7117]
982	:	[49]  ->  [91]  [0.3732, 0.6351]
983	:	[91]  ->  [45]  [0.3568, 0.6804]
984	:	[45]  ->  [91]  [0.3568, 0.6173]
985	:	[91]  ->  [51]  [0.3624, 0.6911]
986	:	[51]  ->  [91]  [0.3624, 0.6223]
987	:	[91]  ->  [67]  [0.3536, 0.6743]
988	:	[91]  ->  [75]  [0.3528, 0.6728]
989	:	[91]  ->  [76]  [0.3668, 0.6995]
990	:	[76]  ->  [91]  [0.3668, 0.6242]
991	:	[91]  ->  [71]  [0.3732, 0.7117]
992	:	[71]  ->  [91]  [0.3732, 0.6203]
993	:	[4]  ->  [37]  [0.3232, 0.6163]
994	:	[37]  ->  [4]  [0.3232, 0.6131]
995	:	[4]  ->  [10]  [0.3416, 0.6514]
996	:	[10]  ->  [4]  [0.3416, 0.6407]
997	:	[4]  ->  [68]  [0.3304, 0.6301]
998	:	[4]  ->  [62]  [0.3480, 0.6636]
999	:	[62]  ->  [4]  [0.3480, 0.6188]
1000	:	[4]  ->  [29]  [0.3308, 0.6308]
1001	:	[4]  ->  [52]  [0.3464, 0.6606]
1002	:	[52]  ->  [4]  [0.3464, 0.6052]
1003	:	[4]  ->  [49]  [0.3332, 0.6354]
1004	:	[4]  ->  [45]  [0.3464, 0.6606]
1005	:	[4]  ->  [51]  [0.3424, 0.6529]
1006	:	[4]  ->  [67]  [0.3284, 0.6262]
1007	:	[4]  ->  [75]  [0.3676, 0.7010]
1008	:	[4]  ->  [76]  [0.3420, 0.6522]
1009	:	[4]  ->  [71]  [0.3604, 0.6873]
1010	:	[37]  ->  [73]  [0.3360, 0.6373]
1011	:	[73]  ->  [37]  [0.3360, 0.6259]
1012	:	[37]  ->  [10]  [0.3360, 0.6373]
1013	:	[10]  ->  [37]  [0.3360, 0.6302]
1014	:	[37]  ->  [68]  [0.3644, 0.6912]
1015	:	[68]  ->  [37]  [0.3644, 0.6554]
1016	:	[37]  ->  [62]  [0.3260, 0.6184]
1017	:	[37]  ->  [52]  [0.3612, 0.6851]
1018	:	[52]  ->  [37]  [0.3612, 0.6310]
1019	:	[37]  ->  [49]  [0.3168, 0.6009]
1020	:	[37]  ->  [45]  [0.3204, 0.6077]
1021	:	[37]  ->  [51]  [0.3500, 0.6639]
1022	:	[51]  ->  [37]  [0.3500, 0.6010]
1023	:	[37]  ->  [67]  [0.3740, 0.7094]
1024	:	[67]  ->  [37]  [0.3740, 0.6044]
1025	:	[67, 71]  ->  [37]  [0.3144, 0.7366]
1026	:	[37, 71]  ->  [67]  [0.3144, 0.7836]
1027	:	[37, 67]  ->  [71]  [0.3144, 0.8406]
1028	:	[37]  ->  [75]  [0.3400, 0.6449]
1029	:	[37]  ->  [76]  [0.3512, 0.6662]
1030	:	[37]  ->  [71]  [0.4012, 0.7610]
1031	:	[71]  ->  [37]  [0.4012, 0.6669]
1032	:	[73]  ->  [10]  [0.3336, 0.6215]
1033	:	[10]  ->  [73]  [0.3336, 0.6257]
1034	:	[73]  ->  [68]  [0.3396, 0.6326]
1035	:	[68]  ->  [73]  [0.3396, 0.6108]
1036	:	[73]  ->  [29]  [0.3356, 0.6252]
1037	:	[29]  ->  [73]  [0.3356, 0.6010]
1038	:	[73]  ->  [52]  [0.3540, 0.6595]
1039	:	[52]  ->  [73]  [0.3540, 0.6184]
1040	:	[73]  ->  [49]  [0.3252, 0.6058]
1041	:	[73]  ->  [45]  [0.3596, 0.6699]
1042	:	[45]  ->  [73]  [0.3596, 0.6221]
1043	:	[73]  ->  [51]  [0.3260, 0.6073]
1044	:	[73]  ->  [67]  [0.3488, 0.6498]
1045	:	[73]  ->  [76]  [0.3644, 0.6788]
1046	:	[76]  ->  [73]  [0.3644, 0.6201]
1047	:	[73]  ->  [71]  [0.3548, 0.6610]
1048	:	[10]  ->  [68]  [0.3552, 0.6662]
1049	:	[68]  ->  [10]  [0.3552, 0.6388]
1050	:	[10]  ->  [62]  [0.3272, 0.6137]
1051	:	[10]  ->  [29]  [0.3344, 0.6272]
1052	:	[10]  ->  [52]  [0.3420, 0.6414]
1053	:	[10]  ->  [49]  [0.3228, 0.6054]
1054	:	[10]  ->  [45]  [0.3704, 0.6947]
1055	:	[45]  ->  [10]  [0.3704, 0.6408]
1056	:	[45, 71]  ->  [10]  [0.3036, 0.7291]
1057	:	[10, 71]  ->  [45]  [0.3036, 0.7882]
1058	:	[10, 45]  ->  [71]  [0.3036, 0.8197]
1059	:	[10]  ->  [51]  [0.3452, 0.6474]
1060	:	[10]  ->  [67]  [0.3612, 0.6774]
1061	:	[10]  ->  [75]  [0.3688, 0.6917]
1062	:	[10]  ->  [76]  [0.3512, 0.6587]
1063	:	[10]  ->  [71]  [0.3852, 0.7224]
1064	:	[71]  ->  [10]  [0.3852, 0.6403]
1065	:	[68]  ->  [29]  [0.3388, 0.6094]
1066	:	[29]  ->  [68]  [0.3388, 0.6067]
1067	:	[68]  ->  [52]  [0.3488, 0.6273]
1068	:	[52]  ->  [68]  [0.3488, 0.6094]
1069	:	[68]  ->  [49]  [0.3432, 0.6173]
1070	:	[68]  ->  [45]  [0.3416, 0.6144]
1071	:	[68]  ->  [51]  [0.3352, 0.6029]
1072	:	[68]  ->  [67]  [0.3636, 0.6540]
1073	:	[68]  ->  [75]  [0.3552, 0.6388]
1074	:	[68]  ->  [76]  [0.3564, 0.6410]
1075	:	[76]  ->  [68]  [0.3564, 0.6065]
1076	:	[68]  ->  [71]  [0.3872, 0.6964]
1077	:	[71]  ->  [68]  [0.3872, 0.6436]
1078	:	[62]  ->  [29]  [0.3576, 0.6358]
1079	:	[29]  ->  [62]  [0.3576, 0.6404]
1080	:	[62]  ->  [52]  [0.3896, 0.6927]
1081	:	[52]  ->  [62]  [0.3896, 0.6806]
1082	:	[62]  ->  [49]  [0.3580, 0.6366]
1083	:	[49]  ->  [62]  [0.3580, 0.6093]
1084	:	[62]  ->  [45]  [0.3460, 0.6152]
1085	:	[62]  ->  [51]  [0.3624, 0.6444]
1086	:	[51]  ->  [62]  [0.3624, 0.6223]
1087	:	[62]  ->  [67]  [0.3468, 0.6166]
1088	:	[62]  ->  [75]  [0.3760, 0.6686]
1089	:	[75, 76]  ->  [62]  [0.3084, 0.7500]
1090	:	[62, 76]  ->  [75]  [0.3084, 0.8023]
1091	:	[62, 75]  ->  [76]  [0.3084, 0.8202]
1092	:	[62]  ->  [76]  [0.3844, 0.6835]
1093	:	[76]  ->  [62]  [0.3844, 0.6542]
1094	:	[62]  ->  [71]  [0.3684, 0.6550]
1095	:	[71]  ->  [62]  [0.3684, 0.6124]
1096	:	[29]  ->  [52]  [0.3592, 0.6433]
1097	:	[52]  ->  [29]  [0.3592, 0.6275]
1098	:	[29]  ->  [49]  [0.3612, 0.6468]
1099	:	[49]  ->  [29]  [0.3612, 0.6147]
1100	:	[29]  ->  [45]  [0.3908, 0.6999]
1101	:	[45]  ->  [29]  [0.3908, 0.6761]
1102	:	[45, 76]  ->  [29]  [0.3092, 0.7404]
1103	:	[29, 76]  ->  [45]  [0.3092, 0.7872]
1104	:	[29, 45]  ->  [76]  [0.3092, 0.7912]
1105	:	[29]  ->  [51]  [0.3828, 0.6855]
1106	:	[51]  ->  [29]  [0.3828, 0.6573]
1107	:	[51, 76]  ->  [29]  [0.3020, 0.7274]
1108	:	[29, 76]  ->  [51]  [0.3020, 0.7688]
1109	:	[29, 51]  ->  [76]  [0.3020, 0.7889]
1110	:	[29]  ->  [67]  [0.3608, 0.6461]
1111	:	[29]  ->  [75]  [0.3496, 0.6261]
1112	:	[29]  ->  [76]  [0.3928, 0.7034]
1113	:	[76]  ->  [29]  [0.3928, 0.6685]
1114	:	[29]  ->  [71]  [0.3840, 0.6877]
1115	:	[71]  ->  [29]  [0.3840, 0.6383]
1116	:	[52]  ->  [49]  [0.3780, 0.6604]
1117	:	[49]  ->  [52]  [0.3780, 0.6433]
1118	:	[52]  ->  [45]  [0.3620, 0.6324]
1119	:	[45]  ->  [52]  [0.3620, 0.6263]
1120	:	[52]  ->  [51]  [0.3624, 0.6331]
1121	:	[51]  ->  [52]  [0.3624, 0.6223]
1122	:	[52]  ->  [67]  [0.3632, 0.6345]
1123	:	[52]  ->  [75]  [0.3680, 0.6429]
1124	:	[52]  ->  [76]  [0.3872, 0.6765]
1125	:	[76]  ->  [52]  [0.3872, 0.6590]
1126	:	[52]  ->  [71]  [0.3876, 0.6771]
1127	:	[71]  ->  [52]  [0.3876, 0.6443]
1128	:	[49]  ->  [45]  [0.3756, 0.6392]
1129	:	[45]  ->  [49]  [0.3756, 0.6498]
1130	:	[49]  ->  [51]  [0.4012, 0.6828]
1131	:	[51]  ->  [49]  [0.4012, 0.6889]
1132	:	[51, 67]  ->  [49]  [0.3064, 0.8021]
1133	:	[49, 67]  ->  [51]  [0.3064, 0.7856]
1134	:	[49, 51]  ->  [67]  [0.3064, 0.7637]
1135	:	[51, 76]  ->  [49]  [0.3020, 0.7274]
1136	:	[49, 76]  ->  [51]  [0.3020, 0.8224]
1137	:	[49, 51]  ->  [76]  [0.3020, 0.7527]
1138	:	[49]  ->  [67]  [0.3900, 0.6637]
1139	:	[67]  ->  [49]  [0.3900, 0.6303]
1140	:	[67, 71]  ->  [49]  [0.3040, 0.7123]
1141	:	[49, 71]  ->  [67]  [0.3040, 0.7983]
1142	:	[49, 67]  ->  [71]  [0.3040, 0.7795]
1143	:	[49]  ->  [75]  [0.3556, 0.6052]
1144	:	[49]  ->  [76]  [0.3672, 0.6249]
1145	:	[76]  ->  [49]  [0.3672, 0.6249]
1146	:	[49]  ->  [71]  [0.3808, 0.6481]
1147	:	[71]  ->  [49]  [0.3808, 0.6330]
1148	:	[45]  ->  [51]  [0.3700, 0.6401]
1149	:	[51]  ->  [45]  [0.3700, 0.6353]
1150	:	[51, 76]  ->  [45]  [0.3028, 0.7293]
1151	:	[45, 76]  ->  [51]  [0.3028, 0.7251]
1152	:	[45, 51]  ->  [76]  [0.3028, 0.8184]
1153	:	[45]  ->  [67]  [0.3736, 0.6464]
1154	:	[67]  ->  [45]  [0.3736, 0.6037]
1155	:	[67, 71]  ->  [45]  [0.3024, 0.7085]
1156	:	[45, 71]  ->  [67]  [0.3024, 0.7262]
1157	:	[45, 67]  ->  [71]  [0.3024, 0.8094]
1158	:	[45]  ->  [75]  [0.4120, 0.7128]
1159	:	[75]  ->  [45]  [0.4120, 0.6470]
1160	:	[75, 76]  ->  [45]  [0.3156, 0.7675]
1161	:	[45, 76]  ->  [75]  [0.3156, 0.7557]
1162	:	[45, 75]  ->  [76]  [0.3156, 0.7660]
1163	:	[75, 71]  ->  [45]  [0.3052, 0.7778]
1164	:	[45, 71]  ->  [75]  [0.3052, 0.7329]
1165	:	[45, 75]  ->  [71]  [0.3052, 0.7408]
1166	:	[45]  ->  [76]  [0.4176, 0.7225]
1167	:	[76]  ->  [45]  [0.4176, 0.7107]
1168	:	[76, 71]  ->  [45]  [0.3260, 0.7890]
1169	:	[45, 71]  ->  [76]  [0.3260, 0.7829]
1170	:	[45, 76]  ->  [71]  [0.3260, 0.7807]
1171	:	[45]  ->  [71]  [0.4164, 0.7204]
1172	:	[71]  ->  [45]  [0.4164, 0.6922]
1173	:	[51]  ->  [67]  [0.3820, 0.6559]
1174	:	[67]  ->  [51]  [0.3820, 0.6173]
1175	:	[67, 71]  ->  [51]  [0.3016, 0.7067]
1176	:	[51, 71]  ->  [67]  [0.3016, 0.7757]
1177	:	[51, 67]  ->  [71]  [0.3016, 0.7895]
1178	:	[51]  ->  [75]  [0.3720, 0.6387]
1179	:	[75, 76]  ->  [51]  [0.3080, 0.7490]
1180	:	[51, 76]  ->  [75]  [0.3080, 0.7418]
1181	:	[51, 75]  ->  [76]  [0.3080, 0.8280]
1182	:	[51]  ->  [76]  [0.4152, 0.7129]
1183	:	[76]  ->  [51]  [0.4152, 0.7066]
1184	:	[76, 71]  ->  [51]  [0.3012, 0.7289]
1185	:	[51, 71]  ->  [76]  [0.3012, 0.7747]
1186	:	[51, 76]  ->  [71]  [0.3012, 0.7254]
1187	:	[51]  ->  [71]  [0.3888, 0.6676]
1188	:	[71]  ->  [51]  [0.3888, 0.6463]
1189	:	[76]  ->  [67]  [0.3648, 0.6208]
1190	:	[67]  ->  [71]  [0.4268, 0.6897]
1191	:	[71]  ->  [67]  [0.4268, 0.7094]
1192	:	[75]  ->  [76]  [0.4112, 0.6457]
1193	:	[76]  ->  [75]  [0.4112, 0.6998]
1194	:	[76, 71]  ->  [75]  [0.3036, 0.7348]
1195	:	[75, 71]  ->  [76]  [0.3036, 0.7737]
1196	:	[75, 76]  ->  [71]  [0.3036, 0.7383]
1197	:	[75]  ->  [71]  [0.3924, 0.6162]
1198	:	[71]  ->  [75]  [0.3924, 0.6523]
1199	:	[76]  ->  [71]  [0.4132, 0.7032]
1200	:	[71]  ->  [76]  [0.4132, 0.6868]
