No	:	[A]	->	[B]	[s, c]
-----------------------------------------------------------------------------
1	:	[14]  ->  [75]  [0.3008, 0.7941]
2	:	[75]  ->  [14]  [0.3008, 0.4724]
3	:	[66]  ->  [78]  [0.3008, 0.7650]
4	:	[78]  ->  [66]  [0.3008, 0.6030]
5	:	[59]  ->  [29]  [0.3116, 0.7829]
6	:	[29]  ->  [59]  [0.3116, 0.5580]
7	:	[61]  ->  [76]  [0.3220, 0.8050]
8	:	[76]  ->  [61]  [0.3220, 0.5480]
9	:	[97]  ->  [91]  [0.3012, 0.7304]
10	:	[91]  ->  [97]  [0.3012, 0.5744]
11	:	[97]  ->  [51]  [0.3072, 0.7449]
12	:	[51]  ->  [97]  [0.3072, 0.5275]
13	:	[97]  ->  [71]  [0.3128, 0.7585]
14	:	[71]  ->  [97]  [0.3128, 0.5199]
15	:	[2]  ->  [71]  [0.3180, 0.7696]
16	:	[71]  ->  [2]  [0.3180, 0.5286]
17	:	[54]  ->  [45]  [0.3076, 0.7401]
18	:	[45]  ->  [54]  [0.3076, 0.5322]
19	:	[82]  ->  [84]  [0.3072, 0.7191]
20	:	[84]  ->  [82]  [0.3072, 0.5912]
21	:	[82]  ->  [75]  [0.3252, 0.7612]
22	:	[75]  ->  [82]  [0.3252, 0.5107]
23	:	[82]  ->  [76]  [0.3048, 0.7135]
24	:	[76]  ->  [82]  [0.3048, 0.5187]
25	:	[74]  ->  [73]  [0.3296, 0.7518]
26	:	[73]  ->  [74]  [0.3296, 0.6140]
27	:	[74]  ->  [29]  [0.3028, 0.6907]
28	:	[29]  ->  [74]  [0.3028, 0.5423]
29	:	[74]  ->  [45]  [0.3032, 0.6916]
30	:	[45]  ->  [74]  [0.3032, 0.5246]
31	:	[24]  ->  [45]  [0.3224, 0.7152]
32	:	[45]  ->  [24]  [0.3224, 0.5578]
33	:	[24]  ->  [76]  [0.3048, 0.6761]
34	:	[76]  ->  [24]  [0.3048, 0.5187]
35	:	[24]  ->  [71]  [0.3380, 0.7498]
36	:	[71]  ->  [24]  [0.3380, 0.5618]
37	:	[72]  ->  [4]  [0.3028, 0.6606]
38	:	[4]  ->  [72]  [0.3028, 0.5774]
39	:	[72]  ->  [68]  [0.3136, 0.6841]
40	:	[68]  ->  [72]  [0.3136, 0.5640]
41	:	[72]  ->  [75]  [0.3008, 0.6562]
42	:	[75]  ->  [72]  [0.3008, 0.4724]
43	:	[63]  ->  [56]  [0.3044, 0.7086]
44	:	[56]  ->  [63]  [0.3044, 0.6466]
45	:	[79]  ->  [4]  [0.3008, 0.6744]
46	:	[4]  ->  [79]  [0.3008, 0.5736]
47	:	[79]  ->  [62]  [0.3016, 0.6762]
48	:	[62]  ->  [79]  [0.3016, 0.5363]
49	:	[79]  ->  [52]  [0.3100, 0.6951]
50	:	[52]  ->  [79]  [0.3100, 0.5416]
51	:	[79]  ->  [49]  [0.3048, 0.6834]
52	:	[49]  ->  [79]  [0.3048, 0.5187]
53	:	[95]  ->  [73]  [0.3004, 0.6922]
54	:	[73]  ->  [95]  [0.3004, 0.5596]
55	:	[25]  ->  [33]  [0.3256, 0.7468]
56	:	[33]  ->  [25]  [0.3256, 0.6430]
57	:	[25]  ->  [84]  [0.3108, 0.7128]
58	:	[84]  ->  [25]  [0.3108, 0.5982]
59	:	[25]  ->  [4]  [0.3052, 0.7000]
60	:	[4]  ->  [25]  [0.3052, 0.5820]
61	:	[25]  ->  [62]  [0.3184, 0.7303]
62	:	[62]  ->  [25]  [0.3184, 0.5661]
63	:	[25]  ->  [51]  [0.3148, 0.7220]
64	:	[51]  ->  [25]  [0.3148, 0.5405]
65	:	[44]  ->  [10]  [0.3408, 0.7717]
66	:	[10]  ->  [44]  [0.3408, 0.6392]
67	:	[44]  ->  [45]  [0.3008, 0.6812]
68	:	[45]  ->  [44]  [0.3008, 0.5204]
69	:	[44]  ->  [51]  [0.3036, 0.6875]
70	:	[51]  ->  [44]  [0.3036, 0.5213]
71	:	[44]  ->  [75]  [0.3032, 0.6866]
72	:	[75]  ->  [44]  [0.3032, 0.4761]
73	:	[44]  ->  [76]  [0.3088, 0.6993]
74	:	[76]  ->  [44]  [0.3088, 0.5255]
75	:	[44]  ->  [71]  [0.3312, 0.7500]
76	:	[71]  ->  [44]  [0.3312, 0.5505]
77	:	[17]  ->  [20]  [0.3024, 0.6829]
78	:	[20]  ->  [17]  [0.3024, 0.6305]
79	:	[17]  ->  [62]  [0.3156, 0.7127]
80	:	[62]  ->  [17]  [0.3156, 0.5612]
81	:	[17]  ->  [52]  [0.3312, 0.7480]
82	:	[52]  ->  [17]  [0.3312, 0.5786]
83	:	[17]  ->  [49]  [0.3340, 0.7543]
84	:	[49]  ->  [17]  [0.3340, 0.5684]
85	:	[17]  ->  [71]  [0.3080, 0.6956]
86	:	[71]  ->  [17]  [0.3080, 0.5120]
87	:	[77]  ->  [60]  [0.3288, 0.7432]
88	:	[60]  ->  [77]  [0.3288, 0.6323]
89	:	[77]  ->  [37]  [0.3028, 0.6844]
90	:	[37]  ->  [77]  [0.3028, 0.5744]
91	:	[77]  ->  [73]  [0.3112, 0.7034]
92	:	[73]  ->  [77]  [0.3112, 0.5797]
93	:	[77]  ->  [49]  [0.3016, 0.6817]
94	:	[49]  ->  [77]  [0.3016, 0.5133]
95	:	[77]  ->  [67]  [0.3164, 0.7152]
96	:	[67]  ->  [77]  [0.3164, 0.5113]
97	:	[77]  ->  [76]  [0.3132, 0.7080]
98	:	[76]  ->  [77]  [0.3132, 0.5330]
99	:	[77]  ->  [71]  [0.3244, 0.7333]
100	:	[71]  ->  [77]  [0.3244, 0.5392]
101	:	[1]  ->  [20]  [0.3000, 0.6739]
102	:	[20]  ->  [1]  [0.3000, 0.6255]
103	:	[1]  ->  [5]  [0.3000, 0.6739]
104	:	[5]  ->  [1]  [0.3000, 0.5716]
105	:	[1]  ->  [31]  [0.3076, 0.6909]
106	:	[31]  ->  [1]  [0.3076, 0.5843]
107	:	[1]  ->  [68]  [0.3120, 0.7008]
108	:	[68]  ->  [1]  [0.3120, 0.5612]
109	:	[1]  ->  [52]  [0.3092, 0.6945]
110	:	[52]  ->  [1]  [0.3092, 0.5402]
111	:	[1]  ->  [49]  [0.3240, 0.7278]
112	:	[49]  ->  [1]  [0.3240, 0.5514]
113	:	[1]  ->  [45]  [0.3112, 0.6990]
114	:	[45]  ->  [1]  [0.3112, 0.5384]
115	:	[1]  ->  [67]  [0.3036, 0.6819]
116	:	[67]  ->  [1]  [0.3036, 0.4906]
117	:	[1]  ->  [75]  [0.3112, 0.6990]
118	:	[75]  ->  [1]  [0.3112, 0.4887]
119	:	[1]  ->  [76]  [0.3012, 0.6765]
120	:	[76]  ->  [1]  [0.3012, 0.5126]
121	:	[1]  ->  [71]  [0.3176, 0.7134]
122	:	[71]  ->  [1]  [0.3176, 0.5279]
123	:	[64]  ->  [60]  [0.3000, 0.6250]
124	:	[60]  ->  [64]  [0.3000, 0.5769]
125	:	[64]  ->  [10]  [0.3016, 0.6283]
126	:	[10]  ->  [64]  [0.3016, 0.5656]
127	:	[64]  ->  [75]  [0.3156, 0.6575]
128	:	[75]  ->  [64]  [0.3156, 0.4956]
129	:	[9]  ->  [15]  [0.3128, 0.6939]
130	:	[15]  ->  [9]  [0.3128, 0.6549]
131	:	[9]  ->  [89]  [0.3140, 0.6965]
132	:	[89]  ->  [9]  [0.3140, 0.6206]
133	:	[9]  ->  [4]  [0.3000, 0.6655]
134	:	[4]  ->  [9]  [0.3000, 0.5721]
135	:	[9]  ->  [68]  [0.3064, 0.6797]
136	:	[68]  ->  [9]  [0.3064, 0.5511]
137	:	[9]  ->  [62]  [0.3248, 0.7205]
138	:	[62]  ->  [9]  [0.3248, 0.5775]
139	:	[9]  ->  [49]  [0.3044, 0.6752]
140	:	[49]  ->  [9]  [0.3044, 0.5180]
141	:	[9]  ->  [45]  [0.3228, 0.7161]
142	:	[45]  ->  [9]  [0.3228, 0.5585]
143	:	[9]  ->  [67]  [0.3008, 0.6673]
144	:	[67]  ->  [9]  [0.3008, 0.4861]
145	:	[9]  ->  [75]  [0.3096, 0.6868]
146	:	[75]  ->  [9]  [0.3096, 0.4862]
147	:	[9]  ->  [76]  [0.3172, 0.7036]
148	:	[76]  ->  [9]  [0.3172, 0.5398]
149	:	[9]  ->  [71]  [0.3284, 0.7285]
150	:	[71]  ->  [9]  [0.3284, 0.5459]
151	:	[69]  ->  [43]  [0.3024, 0.6702]
152	:	[43]  ->  [69]  [0.3024, 0.6258]
153	:	[69]  ->  [100]  [0.3064, 0.6791]
154	:	[100]  ->  [69]  [0.3064, 0.6207]
155	:	[69]  ->  [84]  [0.3032, 0.6720]
156	:	[84]  ->  [69]  [0.3032, 0.5835]
157	:	[69]  ->  [73]  [0.3044, 0.6746]
158	:	[73]  ->  [69]  [0.3044, 0.5671]
159	:	[69]  ->  [51]  [0.3144, 0.6968]
160	:	[51]  ->  [69]  [0.3144, 0.5398]
161	:	[69]  ->  [67]  [0.3204, 0.7101]
162	:	[67]  ->  [69]  [0.3204, 0.5178]
163	:	[69]  ->  [75]  [0.3116, 0.6906]
164	:	[75]  ->  [69]  [0.3116, 0.4893]
165	:	[69]  ->  [76]  [0.3360, 0.7447]
166	:	[76]  ->  [69]  [0.3360, 0.5718]
167	:	[69]  ->  [71]  [0.3144, 0.6968]
168	:	[71]  ->  [69]  [0.3144, 0.5226]
169	:	[65]  ->  [73]  [0.3004, 0.6611]
170	:	[73]  ->  [65]  [0.3004, 0.5596]
171	:	[65]  ->  [10]  [0.3128, 0.6884]
172	:	[10]  ->  [65]  [0.3128, 0.5866]
173	:	[65]  ->  [68]  [0.3036, 0.6681]
174	:	[68]  ->  [65]  [0.3036, 0.5460]
175	:	[65]  ->  [52]  [0.3376, 0.7430]
176	:	[52]  ->  [65]  [0.3376, 0.5898]
177	:	[65]  ->  [45]  [0.3008, 0.6620]
178	:	[45]  ->  [65]  [0.3008, 0.5204]
179	:	[65]  ->  [67]  [0.3004, 0.6611]
180	:	[67]  ->  [65]  [0.3004, 0.4855]
181	:	[65]  ->  [76]  [0.3144, 0.6919]
182	:	[76]  ->  [65]  [0.3144, 0.5351]
183	:	[65]  ->  [71]  [0.3452, 0.7597]
184	:	[71]  ->  [65]  [0.3452, 0.5738]
185	:	[21]  ->  [83]  [0.3068, 0.6635]
186	:	[83]  ->  [21]  [0.3068, 0.6445]
187	:	[21]  ->  [29]  [0.3084, 0.6670]
188	:	[29]  ->  [21]  [0.3084, 0.5523]
189	:	[21]  ->  [52]  [0.3100, 0.6704]
190	:	[52]  ->  [21]  [0.3100, 0.5416]
191	:	[21]  ->  [45]  [0.3032, 0.6557]
192	:	[45]  ->  [21]  [0.3032, 0.5246]
193	:	[21]  ->  [67]  [0.3284, 0.7102]
194	:	[67]  ->  [21]  [0.3284, 0.5307]
195	:	[21]  ->  [76]  [0.3116, 0.6739]
196	:	[76]  ->  [21]  [0.3116, 0.5303]
197	:	[21]  ->  [71]  [0.3024, 0.6540]
198	:	[71]  ->  [21]  [0.3024, 0.5027]
199	:	[86]  ->  [26]  [0.3088, 0.6766]
200	:	[26]  ->  [86]  [0.3088, 0.6349]
201	:	[86]  ->  [33]  [0.3036, 0.6652]
202	:	[33]  ->  [86]  [0.3036, 0.5995]
203	:	[86]  ->  [60]  [0.3100, 0.6792]
204	:	[60]  ->  [86]  [0.3100, 0.5962]
205	:	[86]  ->  [91]  [0.3088, 0.6766]
206	:	[91]  ->  [86]  [0.3088, 0.5889]
207	:	[86]  ->  [37]  [0.3096, 0.6784]
208	:	[37]  ->  [86]  [0.3096, 0.5873]
209	:	[86]  ->  [68]  [0.3140, 0.6880]
210	:	[68]  ->  [86]  [0.3140, 0.5647]
211	:	[86]  ->  [76]  [0.3324, 0.7283]
212	:	[76]  ->  [86]  [0.3324, 0.5657]
213	:	[86]  ->  [71]  [0.3312, 0.7257]
214	:	[71]  ->  [86]  [0.3312, 0.5505]
215	:	[99]  ->  [100]  [0.3056, 0.6598]
216	:	[100]  ->  [99]  [0.3056, 0.6191]
217	:	[99]  ->  [78]  [0.3044, 0.6572]
218	:	[78]  ->  [99]  [0.3044, 0.6103]
219	:	[99]  ->  [33]  [0.3024, 0.6528]
220	:	[33]  ->  [99]  [0.3024, 0.5972]
221	:	[99]  ->  [5]  [0.3040, 0.6563]
222	:	[5]  ->  [99]  [0.3040, 0.5793]
223	:	[99]  ->  [73]  [0.3016, 0.6511]
224	:	[73]  ->  [99]  [0.3016, 0.5618]
225	:	[99]  ->  [62]  [0.3104, 0.6701]
226	:	[62]  ->  [99]  [0.3104, 0.5519]
227	:	[99]  ->  [29]  [0.3044, 0.6572]
228	:	[29]  ->  [99]  [0.3044, 0.5451]
229	:	[99]  ->  [52]  [0.3064, 0.6615]
230	:	[52]  ->  [99]  [0.3064, 0.5353]
231	:	[99]  ->  [49]  [0.3144, 0.6788]
232	:	[49]  ->  [99]  [0.3144, 0.5351]
233	:	[99]  ->  [45]  [0.3244, 0.7003]
234	:	[45]  ->  [99]  [0.3244, 0.5612]
235	:	[99]  ->  [51]  [0.3284, 0.7090]
236	:	[51]  ->  [99]  [0.3284, 0.5639]
237	:	[99]  ->  [67]  [0.3248, 0.7012]
238	:	[67]  ->  [99]  [0.3248, 0.5249]
239	:	[99]  ->  [76]  [0.3144, 0.6788]
240	:	[76]  ->  [99]  [0.3144, 0.5351]
241	:	[99]  ->  [71]  [0.3244, 0.7003]
242	:	[71]  ->  [99]  [0.3244, 0.5392]
243	:	[46]  ->  [78]  [0.3220, 0.6940]
244	:	[78]  ->  [46]  [0.3220, 0.6455]
245	:	[46]  ->  [31]  [0.3148, 0.6784]
246	:	[31]  ->  [46]  [0.3148, 0.5980]
247	:	[46]  ->  [73]  [0.3080, 0.6638]
248	:	[73]  ->  [46]  [0.3080, 0.5738]
249	:	[46]  ->  [52]  [0.3024, 0.6517]
250	:	[52]  ->  [46]  [0.3024, 0.5283]
251	:	[46]  ->  [49]  [0.3032, 0.6534]
252	:	[49]  ->  [46]  [0.3032, 0.5160]
253	:	[46]  ->  [45]  [0.3244, 0.6991]
254	:	[45]  ->  [46]  [0.3244, 0.5612]
255	:	[46]  ->  [67]  [0.3136, 0.6759]
256	:	[67]  ->  [46]  [0.3136, 0.5068]
257	:	[46]  ->  [75]  [0.3060, 0.6595]
258	:	[75]  ->  [46]  [0.3060, 0.4805]
259	:	[46]  ->  [76]  [0.3016, 0.6500]
260	:	[76]  ->  [46]  [0.3016, 0.5133]
261	:	[46]  ->  [71]  [0.3212, 0.6922]
262	:	[71]  ->  [46]  [0.3212, 0.5339]
263	:	[7]  ->  [58]  [0.3192, 0.6856]
264	:	[58]  ->  [7]  [0.3192, 0.6746]
265	:	[7]  ->  [84]  [0.3008, 0.6460]
266	:	[84]  ->  [7]  [0.3008, 0.5789]
267	:	[7]  ->  [4]  [0.3136, 0.6735]
268	:	[4]  ->  [7]  [0.3136, 0.5980]
269	:	[7]  ->  [68]  [0.3092, 0.6641]
270	:	[68]  ->  [7]  [0.3092, 0.5561]
271	:	[7]  ->  [62]  [0.3216, 0.6907]
272	:	[62]  ->  [7]  [0.3216, 0.5718]
273	:	[7]  ->  [29]  [0.3132, 0.6727]
274	:	[29]  ->  [7]  [0.3132, 0.5609]
275	:	[7]  ->  [52]  [0.3160, 0.6787]
276	:	[52]  ->  [7]  [0.3160, 0.5521]
277	:	[7]  ->  [49]  [0.3172, 0.6813]
278	:	[49]  ->  [7]  [0.3172, 0.5398]
279	:	[7]  ->  [45]  [0.3092, 0.6641]
280	:	[45]  ->  [7]  [0.3092, 0.5349]
281	:	[7]  ->  [75]  [0.3168, 0.6804]
282	:	[75]  ->  [7]  [0.3168, 0.4975]
283	:	[7]  ->  [76]  [0.3128, 0.6718]
284	:	[76]  ->  [7]  [0.3128, 0.5323]
285	:	[7]  ->  [71]  [0.3204, 0.6881]
286	:	[71]  ->  [7]  [0.3204, 0.5326]
287	:	[34]  ->  [4]  [0.3116, 0.6704]
288	:	[4]  ->  [34]  [0.3116, 0.5942]
289	:	[34]  ->  [37]  [0.3068, 0.6601]
290	:	[37]  ->  [34]  [0.3068, 0.5819]
291	:	[34]  ->  [10]  [0.3204, 0.6893]
292	:	[10]  ->  [34]  [0.3204, 0.6009]
293	:	[34]  ->  [49]  [0.3244, 0.6979]
294	:	[49]  ->  [34]  [0.3244, 0.5521]
295	:	[34]  ->  [45]  [0.3104, 0.6678]
296	:	[45]  ->  [34]  [0.3104, 0.5370]
297	:	[34]  ->  [67]  [0.3284, 0.7065]
298	:	[67]  ->  [34]  [0.3284, 0.5307]
299	:	[34]  ->  [75]  [0.3036, 0.6532]
300	:	[75]  ->  [34]  [0.3036, 0.4768]
301	:	[34]  ->  [71]  [0.3176, 0.6833]
302	:	[71]  ->  [34]  [0.3176, 0.5279]
303	:	[80]  ->  [32]  [0.3112, 0.6661]
304	:	[32]  ->  [80]  [0.3112, 0.6259]
305	:	[80]  ->  [23]  [0.3060, 0.6550]
306	:	[23]  ->  [80]  [0.3060, 0.5903]
307	:	[80]  ->  [5]  [0.3176, 0.6798]
308	:	[5]  ->  [80]  [0.3176, 0.6052]
309	:	[80]  ->  [31]  [0.3200, 0.6849]
310	:	[31]  ->  [80]  [0.3200, 0.6079]
311	:	[80]  ->  [73]  [0.3260, 0.6978]
312	:	[73]  ->  [80]  [0.3260, 0.6073]
313	:	[80]  ->  [68]  [0.3136, 0.6712]
314	:	[68]  ->  [80]  [0.3136, 0.5640]
315	:	[80]  ->  [62]  [0.3016, 0.6455]
316	:	[62]  ->  [80]  [0.3016, 0.5363]
317	:	[80]  ->  [49]  [0.3088, 0.6610]
318	:	[49]  ->  [80]  [0.3088, 0.5255]
319	:	[80]  ->  [45]  [0.3180, 0.6807]
320	:	[45]  ->  [80]  [0.3180, 0.5502]
321	:	[80]  ->  [67]  [0.3300, 0.7063]
322	:	[67]  ->  [80]  [0.3300, 0.5333]
323	:	[80]  ->  [76]  [0.3192, 0.6832]
324	:	[76]  ->  [80]  [0.3192, 0.5432]
325	:	[80]  ->  [71]  [0.3320, 0.7106]
326	:	[71]  ->  [80]  [0.3320, 0.5519]
327	:	[3]  ->  [27]  [0.3136, 0.6689]
328	:	[27]  ->  [3]  [0.3136, 0.6661]
329	:	[3]  ->  [83]  [0.3044, 0.6493]
330	:	[83]  ->  [3]  [0.3044, 0.6395]
331	:	[3]  ->  [30]  [0.3072, 0.6553]
332	:	[30]  ->  [3]  [0.3072, 0.6321]
333	:	[3]  ->  [19]  [0.3060, 0.6527]
334	:	[19]  ->  [3]  [0.3060, 0.6159]
335	:	[3]  ->  [33]  [0.3020, 0.6442]
336	:	[33]  ->  [3]  [0.3020, 0.5964]
337	:	[3]  ->  [35]  [0.3340, 0.7125]
338	:	[35]  ->  [3]  [0.3340, 0.6513]
339	:	[3]  ->  [84]  [0.3404, 0.7261]
340	:	[84]  ->  [3]  [0.3404, 0.6551]
341	:	[3]  ->  [73]  [0.3196, 0.6817]
342	:	[73]  ->  [3]  [0.3196, 0.5954]
343	:	[3]  ->  [68]  [0.3056, 0.6519]
344	:	[68]  ->  [3]  [0.3056, 0.5496]
345	:	[3]  ->  [29]  [0.3496, 0.7457]
346	:	[29]  ->  [3]  [0.3496, 0.6261]
347	:	[3]  ->  [52]  [0.3232, 0.6894]
348	:	[52]  ->  [3]  [0.3232, 0.5646]
349	:	[3]  ->  [49]  [0.3392, 0.7235]
350	:	[49]  ->  [3]  [0.3392, 0.5773]
351	:	[3]  ->  [45]  [0.3244, 0.6920]
352	:	[45]  ->  [3]  [0.3244, 0.5612]
353	:	[3]  ->  [51]  [0.3436, 0.7329]
354	:	[51]  ->  [3]  [0.3436, 0.5900]
355	:	[3]  ->  [67]  [0.3100, 0.6613]
356	:	[67]  ->  [3]  [0.3100, 0.5010]
357	:	[3]  ->  [76]  [0.3332, 0.7108]
358	:	[76]  ->  [3]  [0.3332, 0.5671]
359	:	[3]  ->  [71]  [0.3296, 0.7031]
360	:	[71]  ->  [3]  [0.3296, 0.5479]
361	:	[56]  ->  [60]  [0.3016, 0.6406]
362	:	[60]  ->  [56]  [0.3016, 0.5800]
363	:	[56]  ->  [31]  [0.3136, 0.6661]
364	:	[31]  ->  [56]  [0.3136, 0.5957]
365	:	[56]  ->  [37]  [0.3320, 0.7052]
366	:	[37]  ->  [56]  [0.3320, 0.6297]
367	:	[56]  ->  [73]  [0.3288, 0.6984]
368	:	[73]  ->  [56]  [0.3288, 0.6125]
369	:	[56]  ->  [68]  [0.3056, 0.6491]
370	:	[68]  ->  [56]  [0.3056, 0.5496]
371	:	[56]  ->  [52]  [0.3076, 0.6534]
372	:	[52]  ->  [56]  [0.3076, 0.5374]
373	:	[56]  ->  [49]  [0.3064, 0.6508]
374	:	[49]  ->  [56]  [0.3064, 0.5214]
375	:	[56]  ->  [45]  [0.3108, 0.6602]
376	:	[45]  ->  [56]  [0.3108, 0.5377]
377	:	[56]  ->  [51]  [0.3064, 0.6508]
378	:	[51]  ->  [56]  [0.3064, 0.5261]
379	:	[56]  ->  [67]  [0.3248, 0.6899]
380	:	[67]  ->  [56]  [0.3248, 0.5249]
381	:	[56]  ->  [76]  [0.3224, 0.6848]
382	:	[76]  ->  [56]  [0.3224, 0.5487]
383	:	[56]  ->  [71]  [0.3088, 0.6559]
384	:	[71]  ->  [56]  [0.3088, 0.5133]
385	:	[27]  ->  [30]  [0.3284, 0.6975]
386	:	[30]  ->  [27]  [0.3284, 0.6757]
387	:	[27]  ->  [32]  [0.3000, 0.6372]
388	:	[32]  ->  [27]  [0.3000, 0.6034]
389	:	[27]  ->  [33]  [0.3216, 0.6831]
390	:	[33]  ->  [27]  [0.3216, 0.6351]
391	:	[27]  ->  [60]  [0.3244, 0.6890]
392	:	[60]  ->  [27]  [0.3244, 0.6238]
393	:	[27]  ->  [5]  [0.3136, 0.6661]
394	:	[5]  ->  [27]  [0.3136, 0.5976]
395	:	[27]  ->  [10]  [0.3000, 0.6372]
396	:	[10]  ->  [27]  [0.3000, 0.5626]
397	:	[27]  ->  [68]  [0.3220, 0.6839]
398	:	[68]  ->  [27]  [0.3220, 0.5791]
399	:	[27]  ->  [29]  [0.3096, 0.6576]
400	:	[29]  ->  [27]  [0.3096, 0.5544]
401	:	[27]  ->  [52]  [0.3068, 0.6517]
402	:	[52]  ->  [27]  [0.3068, 0.5360]
403	:	[27]  ->  [49]  [0.3032, 0.6440]
404	:	[49]  ->  [27]  [0.3032, 0.5160]
405	:	[27]  ->  [45]  [0.3236, 0.6873]
406	:	[45]  ->  [27]  [0.3236, 0.5599]
407	:	[27]  ->  [51]  [0.3204, 0.6805]
408	:	[51]  ->  [27]  [0.3204, 0.5501]
409	:	[27]  ->  [67]  [0.3088, 0.6559]
410	:	[67]  ->  [27]  [0.3088, 0.4990]
411	:	[27]  ->  [75]  [0.3216, 0.6831]
412	:	[75]  ->  [27]  [0.3216, 0.5050]
413	:	[27]  ->  [76]  [0.3400, 0.7222]
414	:	[76]  ->  [27]  [0.3400, 0.5786]
415	:	[27]  ->  [71]  [0.3192, 0.6780]
416	:	[71]  ->  [27]  [0.3192, 0.5306]
417	:	[83]  ->  [35]  [0.3080, 0.6471]
418	:	[35]  ->  [83]  [0.3080, 0.6006]
419	:	[83]  ->  [84]  [0.3180, 0.6681]
420	:	[84]  ->  [83]  [0.3180, 0.6120]
421	:	[83]  ->  [5]  [0.3040, 0.6387]
422	:	[5]  ->  [83]  [0.3040, 0.5793]
423	:	[83]  ->  [91]  [0.3016, 0.6336]
424	:	[91]  ->  [83]  [0.3016, 0.5751]
425	:	[83]  ->  [4]  [0.3052, 0.6412]
426	:	[4]  ->  [83]  [0.3052, 0.5820]
427	:	[83]  ->  [68]  [0.3172, 0.6664]
428	:	[68]  ->  [83]  [0.3172, 0.5705]
429	:	[83]  ->  [29]  [0.3292, 0.6916]
430	:	[29]  ->  [83]  [0.3292, 0.5895]
431	:	[83]  ->  [52]  [0.3028, 0.6361]
432	:	[52]  ->  [83]  [0.3028, 0.5290]
433	:	[83]  ->  [49]  [0.3232, 0.6790]
434	:	[49]  ->  [83]  [0.3232, 0.5500]
435	:	[83]  ->  [45]  [0.3016, 0.6336]
436	:	[45]  ->  [83]  [0.3016, 0.5218]
437	:	[83]  ->  [51]  [0.3456, 0.7261]
438	:	[51]  ->  [83]  [0.3456, 0.5934]
439	:	[83]  ->  [67]  [0.3252, 0.6832]
440	:	[67]  ->  [83]  [0.3252, 0.5255]
441	:	[83]  ->  [75]  [0.3248, 0.6824]
442	:	[75]  ->  [83]  [0.3248, 0.5101]
443	:	[83]  ->  [76]  [0.3288, 0.6908]
444	:	[76]  ->  [83]  [0.3288, 0.5596]
445	:	[83]  ->  [71]  [0.3092, 0.6496]
446	:	[71]  ->  [83]  [0.3092, 0.5140]
447	:	[18]  ->  [93]  [0.3136, 0.6644]
448	:	[93]  ->  [18]  [0.3136, 0.6384]
449	:	[18]  ->  [100]  [0.3192, 0.6763]
450	:	[100]  ->  [18]  [0.3192, 0.6467]
451	:	[18]  ->  [78]  [0.3004, 0.6364]
452	:	[78]  ->  [18]  [0.3004, 0.6022]
453	:	[18]  ->  [53]  [0.3060, 0.6483]
454	:	[53]  ->  [18]  [0.3060, 0.6057]
455	:	[18]  ->  [23]  [0.3008, 0.6373]
456	:	[23]  ->  [18]  [0.3008, 0.5802]
457	:	[18]  ->  [5]  [0.3340, 0.7076]
458	:	[5]  ->  [18]  [0.3340, 0.6364]
459	:	[18]  ->  [68]  [0.3176, 0.6729]
460	:	[68]  ->  [18]  [0.3176, 0.5712]
461	:	[18]  ->  [62]  [0.3100, 0.6568]
462	:	[62]  ->  [18]  [0.3100, 0.5512]
463	:	[18]  ->  [29]  [0.3268, 0.6924]
464	:	[29]  ->  [18]  [0.3268, 0.5852]
465	:	[18]  ->  [52]  [0.3176, 0.6729]
466	:	[52]  ->  [18]  [0.3176, 0.5549]
467	:	[18]  ->  [49]  [0.3196, 0.6771]
468	:	[49]  ->  [18]  [0.3196, 0.5439]
469	:	[18]  ->  [45]  [0.3040, 0.6441]
470	:	[45]  ->  [18]  [0.3040, 0.5260]
471	:	[18]  ->  [51]  [0.3044, 0.6449]
472	:	[51]  ->  [18]  [0.3044, 0.5227]
473	:	[18]  ->  [67]  [0.3440, 0.7288]
474	:	[67]  ->  [18]  [0.3440, 0.5559]
475	:	[18]  ->  [75]  [0.3152, 0.6678]
476	:	[75]  ->  [18]  [0.3152, 0.4950]
477	:	[18]  ->  [76]  [0.3216, 0.6814]
478	:	[76]  ->  [18]  [0.3216, 0.5473]
479	:	[18]  ->  [71]  [0.3292, 0.6975]
480	:	[71]  ->  [18]  [0.3292, 0.5472]
481	:	[58]  ->  [20]  [0.3040, 0.6424]
482	:	[20]  ->  [58]  [0.3040, 0.6339]
483	:	[58]  ->  [32]  [0.3092, 0.6534]
484	:	[32]  ->  [58]  [0.3092, 0.6219]
485	:	[58]  ->  [53]  [0.3088, 0.6526]
486	:	[53]  ->  [58]  [0.3088, 0.6112]
487	:	[58]  ->  [4]  [0.3216, 0.6796]
488	:	[4]  ->  [58]  [0.3216, 0.6133]
489	:	[58]  ->  [10]  [0.3012, 0.6365]
490	:	[10]  ->  [58]  [0.3012, 0.5649]
491	:	[58]  ->  [62]  [0.3012, 0.6365]
492	:	[62]  ->  [58]  [0.3012, 0.5356]
493	:	[58]  ->  [29]  [0.3116, 0.6585]
494	:	[29]  ->  [58]  [0.3116, 0.5580]
495	:	[58]  ->  [52]  [0.3100, 0.6551]
496	:	[52]  ->  [58]  [0.3100, 0.5416]
497	:	[58]  ->  [49]  [0.3056, 0.6458]
498	:	[49]  ->  [58]  [0.3056, 0.5201]
499	:	[58]  ->  [45]  [0.3452, 0.7295]
500	:	[45]  ->  [58]  [0.3452, 0.5972]
501	:	[58]  ->  [51]  [0.3000, 0.6340]
502	:	[51]  ->  [58]  [0.3000, 0.5151]
503	:	[58]  ->  [75]  [0.3456, 0.7303]
504	:	[75]  ->  [58]  [0.3456, 0.5427]
505	:	[58]  ->  [76]  [0.3228, 0.6822]
506	:	[76]  ->  [58]  [0.3228, 0.5494]
507	:	[58]  ->  [71]  [0.3456, 0.7303]
508	:	[71]  ->  [58]  [0.3456, 0.5745]
509	:	[41]  ->  [30]  [0.3132, 0.6509]
510	:	[30]  ->  [41]  [0.3132, 0.6444]
511	:	[41]  ->  [33]  [0.3220, 0.6692]
512	:	[33]  ->  [41]  [0.3220, 0.6359]
513	:	[41]  ->  [4]  [0.3180, 0.6608]
514	:	[4]  ->  [41]  [0.3180, 0.6064]
515	:	[41]  ->  [10]  [0.3116, 0.6475]
516	:	[10]  ->  [41]  [0.3116, 0.5844]
517	:	[41]  ->  [68]  [0.3176, 0.6600]
518	:	[68]  ->  [41]  [0.3176, 0.5712]
519	:	[41]  ->  [49]  [0.3224, 0.6700]
520	:	[49]  ->  [41]  [0.3224, 0.5487]
521	:	[41]  ->  [51]  [0.3112, 0.6467]
522	:	[51]  ->  [41]  [0.3112, 0.5343]
523	:	[41]  ->  [67]  [0.3136, 0.6517]
524	:	[67]  ->  [41]  [0.3136, 0.5068]
525	:	[41]  ->  [75]  [0.3004, 0.6243]
526	:	[75]  ->  [41]  [0.3004, 0.4717]
527	:	[41]  ->  [71]  [0.3020, 0.6276]
528	:	[71]  ->  [41]  [0.3020, 0.5020]
529	:	[88]  ->  [100]  [0.3112, 0.6560]
530	:	[100]  ->  [88]  [0.3112, 0.6305]
531	:	[88]  ->  [96]  [0.3032, 0.6391]
532	:	[96]  ->  [88]  [0.3032, 0.6045]
533	:	[88]  ->  [53]  [0.3036, 0.6400]
534	:	[53]  ->  [88]  [0.3036, 0.6010]
535	:	[88]  ->  [89]  [0.3264, 0.6880]
536	:	[89]  ->  [88]  [0.3264, 0.6451]
537	:	[88]  ->  [31]  [0.3324, 0.7007]
538	:	[31]  ->  [88]  [0.3324, 0.6315]
539	:	[88]  ->  [10]  [0.3220, 0.6788]
540	:	[10]  ->  [88]  [0.3220, 0.6039]
541	:	[88]  ->  [68]  [0.3232, 0.6813]
542	:	[68]  ->  [88]  [0.3232, 0.5813]
543	:	[88]  ->  [62]  [0.3128, 0.6594]
544	:	[62]  ->  [88]  [0.3128, 0.5562]
545	:	[88]  ->  [29]  [0.3232, 0.6813]
546	:	[29]  ->  [88]  [0.3232, 0.5788]
547	:	[88]  ->  [45]  [0.3404, 0.7175]
548	:	[45]  ->  [88]  [0.3404, 0.5889]
549	:	[88]  ->  [51]  [0.3312, 0.6981]
550	:	[51]  ->  [88]  [0.3312, 0.5687]
551	:	[88]  ->  [67]  [0.3252, 0.6855]
552	:	[67]  ->  [88]  [0.3252, 0.5255]
553	:	[88]  ->  [75]  [0.3096, 0.6526]
554	:	[75]  ->  [88]  [0.3096, 0.4862]
555	:	[88]  ->  [76]  [0.3444, 0.7260]
556	:	[76]  ->  [88]  [0.3444, 0.5861]
557	:	[88]  ->  [71]  [0.3492, 0.7361]
558	:	[71]  ->  [88]  [0.3492, 0.5805]
559	:	[15]  ->  [78]  [0.3000, 0.6281]
560	:	[78]  ->  [15]  [0.3000, 0.6014]
561	:	[15]  ->  [96]  [0.3108, 0.6508]
562	:	[96]  ->  [15]  [0.3108, 0.6196]
563	:	[15]  ->  [53]  [0.3008, 0.6298]
564	:	[53]  ->  [15]  [0.3008, 0.5954]
565	:	[15]  ->  [89]  [0.3280, 0.6868]
566	:	[89]  ->  [15]  [0.3280, 0.6482]
567	:	[15]  ->  [5]  [0.3024, 0.6332]
568	:	[5]  ->  [15]  [0.3024, 0.5762]
569	:	[15]  ->  [91]  [0.3072, 0.6432]
570	:	[91]  ->  [15]  [0.3072, 0.5858]
571	:	[15]  ->  [4]  [0.3000, 0.6281]
572	:	[4]  ->  [15]  [0.3000, 0.5721]
573	:	[15]  ->  [68]  [0.3276, 0.6859]
574	:	[68]  ->  [15]  [0.3276, 0.5892]
575	:	[15]  ->  [62]  [0.3328, 0.6968]
576	:	[62]  ->  [15]  [0.3328, 0.5917]
577	:	[15]  ->  [49]  [0.3104, 0.6499]
578	:	[49]  ->  [15]  [0.3104, 0.5283]
579	:	[15]  ->  [45]  [0.3272, 0.6851]
580	:	[45]  ->  [15]  [0.3272, 0.5661]
581	:	[15]  ->  [51]  [0.3080, 0.6449]
582	:	[51]  ->  [15]  [0.3080, 0.5288]
583	:	[15]  ->  [75]  [0.3324, 0.6960]
584	:	[75]  ->  [15]  [0.3324, 0.5220]
585	:	[15]  ->  [76]  [0.3196, 0.6692]
586	:	[76]  ->  [15]  [0.3196, 0.5439]
587	:	[15]  ->  [71]  [0.3656, 0.7655]
588	:	[71]  ->  [15]  [0.3656, 0.6077]
589	:	[8]  ->  [19]  [0.3048, 0.6371]
590	:	[19]  ->  [8]  [0.3048, 0.6135]
591	:	[8]  ->  [53]  [0.3032, 0.6338]
592	:	[53]  ->  [8]  [0.3032, 0.6002]
593	:	[8]  ->  [35]  [0.3204, 0.6697]
594	:	[35]  ->  [8]  [0.3204, 0.6248]
595	:	[8]  ->  [23]  [0.3072, 0.6421]
596	:	[23]  ->  [8]  [0.3072, 0.5926]
597	:	[8]  ->  [84]  [0.3180, 0.6647]
598	:	[84]  ->  [8]  [0.3180, 0.6120]
599	:	[8]  ->  [5]  [0.3012, 0.6296]
600	:	[5]  ->  [8]  [0.3012, 0.5739]
601	:	[8]  ->  [31]  [0.3008, 0.6288]
602	:	[31]  ->  [8]  [0.3008, 0.5714]
603	:	[8]  ->  [37]  [0.3128, 0.6538]
604	:	[37]  ->  [8]  [0.3128, 0.5933]
605	:	[8]  ->  [10]  [0.3372, 0.7048]
606	:	[10]  ->  [8]  [0.3372, 0.6324]
607	:	[8]  ->  [68]  [0.3204, 0.6697]
608	:	[68]  ->  [8]  [0.3204, 0.5763]
609	:	[8]  ->  [62]  [0.3164, 0.6614]
610	:	[62]  ->  [8]  [0.3164, 0.5626]
611	:	[8]  ->  [52]  [0.3344, 0.6990]
612	:	[52]  ->  [8]  [0.3344, 0.5842]
613	:	[8]  ->  [49]  [0.3032, 0.6338]
614	:	[49]  ->  [8]  [0.3032, 0.5160]
615	:	[8]  ->  [45]  [0.3156, 0.6597]
616	:	[45]  ->  [8]  [0.3156, 0.5460]
617	:	[8]  ->  [51]  [0.3132, 0.6547]
618	:	[51]  ->  [8]  [0.3132, 0.5378]
619	:	[8]  ->  [67]  [0.3276, 0.6848]
620	:	[67]  ->  [8]  [0.3276, 0.5294]
621	:	[8]  ->  [75]  [0.3424, 0.7157]
622	:	[75]  ->  [8]  [0.3424, 0.5377]
623	:	[8]  ->  [76]  [0.3392, 0.7090]
624	:	[76]  ->  [8]  [0.3392, 0.5773]
625	:	[8]  ->  [71]  [0.3356, 0.7015]
626	:	[71]  ->  [8]  [0.3356, 0.5578]
627	:	[50]  ->  [43]  [0.3376, 0.7004]
628	:	[43]  ->  [50]  [0.3376, 0.6987]
629	:	[50]  ->  [53]  [0.3168, 0.6573]
630	:	[53]  ->  [50]  [0.3168, 0.6271]
631	:	[50]  ->  [23]  [0.3008, 0.6241]
632	:	[23]  ->  [50]  [0.3008, 0.5802]
633	:	[50]  ->  [84]  [0.3208, 0.6656]
634	:	[84]  ->  [50]  [0.3208, 0.6174]
635	:	[50]  ->  [5]  [0.3020, 0.6266]
636	:	[5]  ->  [50]  [0.3020, 0.5755]
637	:	[50]  ->  [4]  [0.3004, 0.6232]
638	:	[4]  ->  [50]  [0.3004, 0.5728]
639	:	[50]  ->  [68]  [0.3148, 0.6531]
640	:	[68]  ->  [50]  [0.3148, 0.5662]
641	:	[50]  ->  [62]  [0.3296, 0.6838]
642	:	[62]  ->  [50]  [0.3296, 0.5861]
643	:	[50]  ->  [49]  [0.3032, 0.6290]
644	:	[49]  ->  [50]  [0.3032, 0.5160]
645	:	[50]  ->  [45]  [0.3184, 0.6606]
646	:	[45]  ->  [50]  [0.3184, 0.5509]
647	:	[50]  ->  [51]  [0.3008, 0.6241]
648	:	[51]  ->  [50]  [0.3008, 0.5165]
649	:	[50]  ->  [75]  [0.3296, 0.6838]
650	:	[75]  ->  [50]  [0.3296, 0.5176]
651	:	[50]  ->  [76]  [0.3312, 0.6871]
652	:	[76]  ->  [50]  [0.3312, 0.5636]
653	:	[50]  ->  [71]  [0.3120, 0.6473]
654	:	[71]  ->  [50]  [0.3120, 0.5186]
655	:	[20]  ->  [11]  [0.3168, 0.6606]
656	:	[11]  ->  [20]  [0.3168, 0.6486]
657	:	[20]  ->  [89]  [0.3188, 0.6647]
658	:	[89]  ->  [20]  [0.3188, 0.6300]
659	:	[20]  ->  [35]  [0.3092, 0.6447]
660	:	[35]  ->  [20]  [0.3092, 0.6030]
661	:	[20]  ->  [84]  [0.3096, 0.6455]
662	:	[84]  ->  [20]  [0.3096, 0.5958]
663	:	[20]  ->  [4]  [0.3004, 0.6264]
664	:	[4]  ->  [20]  [0.3004, 0.5728]
665	:	[20]  ->  [10]  [0.3216, 0.6706]
666	:	[10]  ->  [20]  [0.3216, 0.6032]
667	:	[20]  ->  [68]  [0.3156, 0.6580]
668	:	[68]  ->  [20]  [0.3156, 0.5676]
669	:	[20]  ->  [29]  [0.3188, 0.6647]
670	:	[29]  ->  [20]  [0.3188, 0.5709]
671	:	[20]  ->  [52]  [0.3200, 0.6672]
672	:	[52]  ->  [20]  [0.3200, 0.5590]
673	:	[20]  ->  [49]  [0.3328, 0.6939]
674	:	[49]  ->  [20]  [0.3328, 0.5664]
675	:	[20]  ->  [45]  [0.3372, 0.7031]
676	:	[45]  ->  [20]  [0.3372, 0.5834]
677	:	[20]  ->  [51]  [0.3292, 0.6864]
678	:	[51]  ->  [20]  [0.3292, 0.5652]
679	:	[20]  ->  [67]  [0.3136, 0.6539]
680	:	[67]  ->  [20]  [0.3136, 0.5068]
681	:	[20]  ->  [75]  [0.3012, 0.6280]
682	:	[75]  ->  [20]  [0.3012, 0.4730]
683	:	[20]  ->  [76]  [0.3196, 0.6664]
684	:	[76]  ->  [20]  [0.3196, 0.5439]
685	:	[20]  ->  [71]  [0.3312, 0.6906]
686	:	[71]  ->  [20]  [0.3312, 0.5505]
687	:	[43]  ->  [32]  [0.3208, 0.6639]
688	:	[32]  ->  [43]  [0.3208, 0.6452]
689	:	[43]  ->  [78]  [0.3008, 0.6225]
690	:	[78]  ->  [43]  [0.3008, 0.6030]
691	:	[43]  ->  [53]  [0.3140, 0.6498]
692	:	[53]  ->  [43]  [0.3140, 0.6215]
693	:	[43]  ->  [35]  [0.3052, 0.6316]
694	:	[35]  ->  [43]  [0.3052, 0.5952]
695	:	[43]  ->  [84]  [0.3084, 0.6382]
696	:	[84]  ->  [43]  [0.3084, 0.5935]
697	:	[43]  ->  [37]  [0.3004, 0.6217]
698	:	[37]  ->  [43]  [0.3004, 0.5698]
699	:	[43]  ->  [10]  [0.3032, 0.6275]
700	:	[10]  ->  [43]  [0.3032, 0.5686]
701	:	[43]  ->  [68]  [0.3392, 0.7020]
702	:	[68]  ->  [43]  [0.3392, 0.6101]
703	:	[43]  ->  [62]  [0.3044, 0.6300]
704	:	[62]  ->  [43]  [0.3044, 0.5413]
705	:	[43]  ->  [49]  [0.3076, 0.6366]
706	:	[49]  ->  [43]  [0.3076, 0.5235]
707	:	[43]  ->  [45]  [0.3236, 0.6697]
708	:	[45]  ->  [43]  [0.3236, 0.5599]
709	:	[43]  ->  [51]  [0.3184, 0.6589]
710	:	[51]  ->  [43]  [0.3184, 0.5467]
711	:	[43]  ->  [67]  [0.3196, 0.6614]
712	:	[67]  ->  [43]  [0.3196, 0.5165]
713	:	[43]  ->  [75]  [0.3516, 0.7276]
714	:	[75]  ->  [43]  [0.3516, 0.5521]
715	:	[43]  ->  [76]  [0.3476, 0.7194]
716	:	[76]  ->  [43]  [0.3476, 0.5916]
717	:	[43]  ->  [71]  [0.3388, 0.7012]
718	:	[71]  ->  [43]  [0.3388, 0.5632]
719	:	[30]  ->  [96]  [0.3000, 0.6173]
720	:	[96]  ->  [30]  [0.3000, 0.5981]
721	:	[30]  ->  [33]  [0.3092, 0.6362]
722	:	[33]  ->  [30]  [0.3092, 0.6106]
723	:	[30]  ->  [60]  [0.3128, 0.6436]
724	:	[60]  ->  [30]  [0.3128, 0.6015]
725	:	[30]  ->  [5]  [0.3040, 0.6255]
726	:	[5]  ->  [30]  [0.3040, 0.5793]
727	:	[30]  ->  [91]  [0.3116, 0.6412]
728	:	[91]  ->  [30]  [0.3116, 0.5942]
729	:	[30]  ->  [73]  [0.3144, 0.6469]
730	:	[73]  ->  [30]  [0.3144, 0.5857]
731	:	[30]  ->  [68]  [0.3044, 0.6263]
732	:	[68]  ->  [30]  [0.3044, 0.5475]
733	:	[30]  ->  [29]  [0.3208, 0.6601]
734	:	[29]  ->  [30]  [0.3208, 0.5745]
735	:	[30]  ->  [52]  [0.3004, 0.6181]
736	:	[52]  ->  [30]  [0.3004, 0.5248]
737	:	[30]  ->  [49]  [0.3328, 0.6848]
738	:	[49]  ->  [30]  [0.3328, 0.5664]
739	:	[30]  ->  [45]  [0.3512, 0.7226]
740	:	[45]  ->  [30]  [0.3512, 0.6076]
741	:	[30]  ->  [51]  [0.3188, 0.6560]
742	:	[51]  ->  [30]  [0.3188, 0.5474]
743	:	[30]  ->  [67]  [0.3180, 0.6543]
744	:	[67]  ->  [30]  [0.3180, 0.5139]
745	:	[30]  ->  [75]  [0.3192, 0.6568]
746	:	[75]  ->  [30]  [0.3192, 0.5013]
747	:	[30]  ->  [76]  [0.3528, 0.7259]
748	:	[76]  ->  [30]  [0.3528, 0.6004]
749	:	[30]  ->  [71]  [0.3384, 0.6963]
750	:	[71]  ->  [30]  [0.3384, 0.5625]
751	:	[26]  ->  [36]  [0.3052, 0.6275]
752	:	[36]  ->  [26]  [0.3052, 0.6114]
753	:	[26]  ->  [89]  [0.3100, 0.6373]
754	:	[89]  ->  [26]  [0.3100, 0.6126]
755	:	[26]  ->  [33]  [0.3408, 0.7007]
756	:	[33]  ->  [26]  [0.3408, 0.6730]
757	:	[26]  ->  [35]  [0.3220, 0.6620]
758	:	[35]  ->  [26]  [0.3220, 0.6279]
759	:	[26]  ->  [23]  [0.3192, 0.6563]
760	:	[23]  ->  [26]  [0.3192, 0.6157]
761	:	[26]  ->  [84]  [0.3252, 0.6686]
762	:	[84]  ->  [26]  [0.3252, 0.6259]
763	:	[26]  ->  [5]  [0.3100, 0.6373]
764	:	[5]  ->  [26]  [0.3100, 0.5907]
765	:	[26]  ->  [91]  [0.3044, 0.6258]
766	:	[91]  ->  [26]  [0.3044, 0.5805]
767	:	[26]  ->  [4]  [0.3200, 0.6579]
768	:	[4]  ->  [26]  [0.3200, 0.6102]
769	:	[26]  ->  [37]  [0.3040, 0.6250]
770	:	[37]  ->  [26]  [0.3040, 0.5766]
771	:	[26]  ->  [73]  [0.3056, 0.6283]
772	:	[73]  ->  [26]  [0.3056, 0.5693]
773	:	[26]  ->  [10]  [0.3080, 0.6332]
774	:	[10]  ->  [26]  [0.3080, 0.5776]
775	:	[26]  ->  [68]  [0.3188, 0.6554]
776	:	[68]  ->  [26]  [0.3188, 0.5734]
777	:	[26]  ->  [62]  [0.3472, 0.7138]
778	:	[62]  ->  [26]  [0.3472, 0.6174]
779	:	[26]  ->  [29]  [0.3316, 0.6817]
780	:	[29]  ->  [26]  [0.3316, 0.5938]
781	:	[26]  ->  [52]  [0.3184, 0.6546]
782	:	[52]  ->  [26]  [0.3184, 0.5563]
783	:	[26]  ->  [49]  [0.3060, 0.6291]
784	:	[49]  ->  [26]  [0.3060, 0.5208]
785	:	[26]  ->  [45]  [0.3172, 0.6521]
786	:	[45]  ->  [26]  [0.3172, 0.5488]
787	:	[26]  ->  [51]  [0.3320, 0.6826]
788	:	[51]  ->  [26]  [0.3320, 0.5701]
789	:	[26]  ->  [75]  [0.3348, 0.6883]
790	:	[75]  ->  [26]  [0.3348, 0.5258]
791	:	[26]  ->  [76]  [0.3344, 0.6875]
792	:	[76]  ->  [26]  [0.3344, 0.5691]
793	:	[26]  ->  [71]  [0.3472, 0.7138]
794	:	[71]  ->  [26]  [0.3472, 0.5771]
795	:	[42]  ->  [93]  [0.3156, 0.6483]
796	:	[93]  ->  [42]  [0.3156, 0.6425]
797	:	[42]  ->  [78]  [0.3092, 0.6352]
798	:	[78]  ->  [42]  [0.3092, 0.6199]
799	:	[42]  ->  [36]  [0.3040, 0.6245]
800	:	[36]  ->  [42]  [0.3040, 0.6090]
801	:	[42]  ->  [96]  [0.3132, 0.6434]
802	:	[96]  ->  [42]  [0.3132, 0.6244]
803	:	[42]  ->  [53]  [0.3016, 0.6196]
804	:	[53]  ->  [42]  [0.3016, 0.5970]
805	:	[42]  ->  [35]  [0.3076, 0.6319]
806	:	[35]  ->  [42]  [0.3076, 0.5998]
807	:	[42]  ->  [60]  [0.3348, 0.6878]
808	:	[60]  ->  [42]  [0.3348, 0.6438]
809	:	[42]  ->  [5]  [0.3052, 0.6270]
810	:	[5]  ->  [42]  [0.3052, 0.5816]
811	:	[42]  ->  [91]  [0.3124, 0.6417]
812	:	[91]  ->  [42]  [0.3124, 0.5957]
813	:	[42]  ->  [37]  [0.3140, 0.6450]
814	:	[37]  ->  [42]  [0.3140, 0.5956]
815	:	[42]  ->  [10]  [0.3060, 0.6286]
816	:	[10]  ->  [42]  [0.3060, 0.5739]
817	:	[42]  ->  [68]  [0.3032, 0.6228]
818	:	[68]  ->  [42]  [0.3032, 0.5453]
819	:	[42]  ->  [62]  [0.3096, 0.6360]
820	:	[62]  ->  [42]  [0.3096, 0.5505]
821	:	[42]  ->  [29]  [0.3312, 0.6804]
822	:	[29]  ->  [42]  [0.3312, 0.5931]
823	:	[42]  ->  [52]  [0.3340, 0.6861]
824	:	[52]  ->  [42]  [0.3340, 0.5835]
825	:	[42]  ->  [45]  [0.3044, 0.6253]
826	:	[45]  ->  [42]  [0.3044, 0.5266]
827	:	[42]  ->  [67]  [0.3468, 0.7124]
828	:	[67]  ->  [42]  [0.3468, 0.5604]
829	:	[42]  ->  [71]  [0.3460, 0.7108]
830	:	[71]  ->  [42]  [0.3460, 0.5751]
831	:	[11]  ->  [78]  [0.3012, 0.6167]
832	:	[78]  ->  [11]  [0.3012, 0.6038]
833	:	[11]  ->  [89]  [0.3160, 0.6470]
834	:	[89]  ->  [11]  [0.3160, 0.6245]
835	:	[11]  ->  [35]  [0.3220, 0.6593]
836	:	[35]  ->  [11]  [0.3220, 0.6279]
837	:	[11]  ->  [23]  [0.3136, 0.6421]
838	:	[23]  ->  [11]  [0.3136, 0.6049]
839	:	[11]  ->  [84]  [0.3188, 0.6527]
840	:	[84]  ->  [11]  [0.3188, 0.6135]
841	:	[11]  ->  [31]  [0.3040, 0.6224]
842	:	[31]  ->  [11]  [0.3040, 0.5775]
843	:	[11]  ->  [91]  [0.3036, 0.6216]
844	:	[91]  ->  [11]  [0.3036, 0.5789]
845	:	[11]  ->  [4]  [0.3460, 0.7084]
846	:	[4]  ->  [11]  [0.3460, 0.6598]
847	:	[11]  ->  [73]  [0.3140, 0.6429]
848	:	[73]  ->  [11]  [0.3140, 0.5849]
849	:	[11]  ->  [68]  [0.3144, 0.6437]
850	:	[68]  ->  [11]  [0.3144, 0.5655]
851	:	[11]  ->  [62]  [0.3260, 0.6675]
852	:	[62]  ->  [11]  [0.3260, 0.5797]
853	:	[11]  ->  [29]  [0.3188, 0.6527]
854	:	[29]  ->  [11]  [0.3188, 0.5709]
855	:	[11]  ->  [52]  [0.3200, 0.6552]
856	:	[52]  ->  [11]  [0.3200, 0.5590]
857	:	[11]  ->  [49]  [0.3236, 0.6626]
858	:	[49]  ->  [11]  [0.3236, 0.5507]
859	:	[11]  ->  [45]  [0.3108, 0.6364]
860	:	[45]  ->  [11]  [0.3108, 0.5377]
861	:	[11]  ->  [51]  [0.3344, 0.6847]
862	:	[51]  ->  [11]  [0.3344, 0.5742]
863	:	[11]  ->  [75]  [0.3248, 0.6650]
864	:	[75]  ->  [11]  [0.3248, 0.5101]
865	:	[11]  ->  [76]  [0.3400, 0.6962]
866	:	[76]  ->  [11]  [0.3400, 0.5786]
867	:	[11]  ->  [71]  [0.3180, 0.6511]
868	:	[71]  ->  [11]  [0.3180, 0.5286]
869	:	[93]  ->  [19]  [0.3036, 0.6181]
870	:	[19]  ->  [93]  [0.3036, 0.6111]
871	:	[93]  ->  [32]  [0.3044, 0.6197]
872	:	[32]  ->  [93]  [0.3044, 0.6122]
873	:	[93]  ->  [78]  [0.3092, 0.6295]
874	:	[78]  ->  [93]  [0.3092, 0.6199]
875	:	[93]  ->  [96]  [0.3308, 0.6735]
876	:	[96]  ->  [93]  [0.3308, 0.6595]
877	:	[93]  ->  [53]  [0.3152, 0.6417]
878	:	[53]  ->  [93]  [0.3152, 0.6239]
879	:	[93]  ->  [89]  [0.3072, 0.6254]
880	:	[89]  ->  [93]  [0.3072, 0.6071]
881	:	[93]  ->  [35]  [0.3056, 0.6221]
882	:	[35]  ->  [93]  [0.3056, 0.5959]
883	:	[93]  ->  [23]  [0.3120, 0.6352]
884	:	[23]  ->  [93]  [0.3120, 0.6019]
885	:	[93]  ->  [84]  [0.3016, 0.6140]
886	:	[84]  ->  [93]  [0.3016, 0.5804]
887	:	[93]  ->  [60]  [0.3184, 0.6482]
888	:	[60]  ->  [93]  [0.3184, 0.6123]
889	:	[93]  ->  [5]  [0.3108, 0.6327]
890	:	[5]  ->  [93]  [0.3108, 0.5922]
891	:	[93]  ->  [91]  [0.3196, 0.6507]
892	:	[91]  ->  [93]  [0.3196, 0.6095]
893	:	[93]  ->  [37]  [0.3108, 0.6327]
894	:	[37]  ->  [93]  [0.3108, 0.5895]
895	:	[93]  ->  [73]  [0.3000, 0.6107]
896	:	[73]  ->  [93]  [0.3000, 0.5589]
897	:	[93]  ->  [68]  [0.3196, 0.6507]
898	:	[68]  ->  [93]  [0.3196, 0.5748]
899	:	[93]  ->  [62]  [0.3024, 0.6156]
900	:	[62]  ->  [93]  [0.3024, 0.5377]
901	:	[93]  ->  [29]  [0.3324, 0.6767]
902	:	[29]  ->  [93]  [0.3324, 0.5953]
903	:	[93]  ->  [52]  [0.3492, 0.7109]
904	:	[52]  ->  [93]  [0.3492, 0.6101]
905	:	[93]  ->  [49]  [0.3284, 0.6686]
906	:	[49]  ->  [93]  [0.3284, 0.5589]
907	:	[93]  ->  [45]  [0.3324, 0.6767]
908	:	[45]  ->  [93]  [0.3324, 0.5751]
909	:	[93]  ->  [51]  [0.3216, 0.6547]
910	:	[51]  ->  [93]  [0.3216, 0.5522]
911	:	[93]  ->  [67]  [0.3256, 0.6629]
912	:	[67]  ->  [93]  [0.3256, 0.5262]
913	:	[93]  ->  [75]  [0.3344, 0.6808]
914	:	[75]  ->  [93]  [0.3344, 0.5251]
915	:	[93]  ->  [76]  [0.3412, 0.6946]
916	:	[76]  ->  [93]  [0.3412, 0.5807]
917	:	[93]  ->  [71]  [0.3452, 0.7028]
918	:	[71]  ->  [93]  [0.3452, 0.5738]
919	:	[100]  ->  [32]  [0.3132, 0.6345]
920	:	[32]  ->  [100]  [0.3132, 0.6299]
921	:	[100]  ->  [89]  [0.3224, 0.6532]
922	:	[89]  ->  [100]  [0.3224, 0.6372]
923	:	[100]  ->  [33]  [0.3032, 0.6143]
924	:	[33]  ->  [100]  [0.3032, 0.5987]
925	:	[100]  ->  [60]  [0.3164, 0.6410]
926	:	[60]  ->  [100]  [0.3164, 0.6085]
927	:	[100]  ->  [5]  [0.3248, 0.6580]
928	:	[5]  ->  [100]  [0.3248, 0.6189]
929	:	[100]  ->  [31]  [0.3244, 0.6572]
930	:	[31]  ->  [100]  [0.3244, 0.6163]
931	:	[100]  ->  [91]  [0.3128, 0.6337]
932	:	[91]  ->  [100]  [0.3128, 0.5965]
933	:	[100]  ->  [37]  [0.3064, 0.6207]
934	:	[37]  ->  [100]  [0.3064, 0.5812]
935	:	[100]  ->  [10]  [0.3168, 0.6418]
936	:	[10]  ->  [100]  [0.3168, 0.5941]
937	:	[100]  ->  [68]  [0.3200, 0.6483]
938	:	[68]  ->  [100]  [0.3200, 0.5755]
939	:	[100]  ->  [62]  [0.3420, 0.6929]
940	:	[62]  ->  [100]  [0.3420, 0.6081]
941	:	[100]  ->  [29]  [0.3276, 0.6637]
942	:	[29]  ->  [100]  [0.3276, 0.5867]
943	:	[100]  ->  [52]  [0.3184, 0.6451]
944	:	[52]  ->  [100]  [0.3184, 0.5563]
945	:	[100]  ->  [49]  [0.3540, 0.7172]
946	:	[49]  ->  [100]  [0.3540, 0.6025]
947	:	[100]  ->  [45]  [0.3172, 0.6426]
948	:	[45]  ->  [100]  [0.3172, 0.5488]
949	:	[100]  ->  [51]  [0.3492, 0.7075]
950	:	[51]  ->  [100]  [0.3492, 0.5996]
951	:	[100]  ->  [67]  [0.3768, 0.7634]
952	:	[67]  ->  [100]  [0.3768, 0.6089]
953	:	[100]  ->  [67, 71]  [0.3068, 0.6216]
954	:	[67, 71]  ->  [100]  [0.3068, 0.7188]
955	:	[67]  ->  [100, 71]  [0.3068, 0.4958]
956	:	[100, 71]  ->  [67]  [0.3068, 0.8319]
957	:	[100, 67]  ->  [71]  [0.3068, 0.8142]
958	:	[71]  ->  [100, 67]  [0.3068, 0.5100]
959	:	[100]  ->  [75]  [0.3128, 0.6337]
960	:	[75]  ->  [100]  [0.3128, 0.4912]
961	:	[100]  ->  [76]  [0.3292, 0.6669]
962	:	[76]  ->  [100]  [0.3292, 0.5602]
963	:	[100]  ->  [71]  [0.3688, 0.7472]
964	:	[71]  ->  [100]  [0.3688, 0.6130]
965	:	[19]  ->  [96]  [0.3056, 0.6151]
966	:	[96]  ->  [19]  [0.3056, 0.6093]
967	:	[19]  ->  [53]  [0.3044, 0.6127]
968	:	[53]  ->  [19]  [0.3044, 0.6025]
969	:	[19]  ->  [35]  [0.3216, 0.6473]
970	:	[35]  ->  [19]  [0.3216, 0.6271]
971	:	[19]  ->  [23]  [0.3008, 0.6055]
972	:	[23]  ->  [19]  [0.3008, 0.5802]
973	:	[19]  ->  [84]  [0.3076, 0.6192]
974	:	[84]  ->  [19]  [0.3076, 0.5920]
975	:	[19]  ->  [60]  [0.3212, 0.6465]
976	:	[60]  ->  [19]  [0.3212, 0.6177]
977	:	[19]  ->  [5]  [0.3060, 0.6159]
978	:	[5]  ->  [19]  [0.3060, 0.5831]
979	:	[19]  ->  [31]  [0.3060, 0.6159]
980	:	[31]  ->  [19]  [0.3060, 0.5813]
981	:	[19]  ->  [91]  [0.3128, 0.6296]
982	:	[91]  ->  [19]  [0.3128, 0.5965]
983	:	[19]  ->  [37]  [0.3044, 0.6127]
984	:	[37]  ->  [19]  [0.3044, 0.5774]
985	:	[19]  ->  [73]  [0.3012, 0.6063]
986	:	[73]  ->  [19]  [0.3012, 0.5611]
987	:	[19]  ->  [68]  [0.3084, 0.6208]
988	:	[68]  ->  [19]  [0.3084, 0.5547]
989	:	[19]  ->  [62]  [0.3112, 0.6264]
990	:	[62]  ->  [19]  [0.3112, 0.5533]
991	:	[19]  ->  [29]  [0.3260, 0.6562]
992	:	[29]  ->  [19]  [0.3260, 0.5838]
993	:	[19]  ->  [52]  [0.3408, 0.6860]
994	:	[52]  ->  [19]  [0.3408, 0.5954]
995	:	[19]  ->  [49]  [0.3444, 0.6932]
996	:	[49]  ->  [19]  [0.3444, 0.5861]
997	:	[19]  ->  [45]  [0.3080, 0.6200]
998	:	[45]  ->  [19]  [0.3080, 0.5329]
999	:	[19]  ->  [51]  [0.3192, 0.6425]
1000	:	[51]  ->  [19]  [0.3192, 0.5481]
1001	:	[19]  ->  [67]  [0.3320, 0.6683]
1002	:	[67]  ->  [19]  [0.3320, 0.5365]
1003	:	[19]  ->  [75]  [0.3424, 0.6892]
1004	:	[75]  ->  [19]  [0.3424, 0.5377]
1005	:	[19]  ->  [76]  [0.3336, 0.6715]
1006	:	[76]  ->  [19]  [0.3336, 0.5677]
1007	:	[19]  ->  [71]  [0.3504, 0.7053]
1008	:	[71]  ->  [19]  [0.3504, 0.5824]
1009	:	[32]  ->  [53]  [0.3092, 0.6219]
1010	:	[53]  ->  [32]  [0.3092, 0.6120]
1011	:	[32]  ->  [33]  [0.3044, 0.6122]
1012	:	[33]  ->  [32]  [0.3044, 0.6011]
1013	:	[32]  ->  [35]  [0.3012, 0.6058]
1014	:	[35]  ->  [32]  [0.3012, 0.5874]
1015	:	[32]  ->  [23]  [0.3068, 0.6171]
1016	:	[23]  ->  [32]  [0.3068, 0.5918]
1017	:	[32]  ->  [84]  [0.3176, 0.6388]
1018	:	[84]  ->  [32]  [0.3176, 0.6112]
1019	:	[32]  ->  [5]  [0.3136, 0.6307]
1020	:	[5]  ->  [32]  [0.3136, 0.5976]
1021	:	[32]  ->  [4]  [0.3064, 0.6163]
1022	:	[4]  ->  [32]  [0.3064, 0.5843]
1023	:	[32]  ->  [73]  [0.3112, 0.6259]
1024	:	[73]  ->  [32]  [0.3112, 0.5797]
1025	:	[32]  ->  [10]  [0.3252, 0.6541]
1026	:	[10]  ->  [32]  [0.3252, 0.6099]
1027	:	[32]  ->  [68]  [0.3384, 0.6806]
1028	:	[68]  ->  [32]  [0.3384, 0.6086]
1029	:	[32]  ->  [62]  [0.3212, 0.6460]
1030	:	[62]  ->  [32]  [0.3212, 0.5711]
1031	:	[32]  ->  [52]  [0.3112, 0.6259]
1032	:	[52]  ->  [32]  [0.3112, 0.5437]
1033	:	[32]  ->  [49]  [0.3252, 0.6541]
1034	:	[49]  ->  [32]  [0.3252, 0.5534]
1035	:	[32]  ->  [45]  [0.3412, 0.6862]
1036	:	[45]  ->  [32]  [0.3412, 0.5903]
1037	:	[32]  ->  [51]  [0.3200, 0.6436]
1038	:	[51]  ->  [32]  [0.3200, 0.5495]
1039	:	[32]  ->  [67]  [0.3096, 0.6227]
1040	:	[67]  ->  [32]  [0.3096, 0.5003]
1041	:	[32]  ->  [75]  [0.3540, 0.7120]
1042	:	[75]  ->  [32]  [0.3540, 0.5559]
1043	:	[32]  ->  [76]  [0.3188, 0.6412]
1044	:	[76]  ->  [32]  [0.3188, 0.5425]
1045	:	[32]  ->  [71]  [0.3352, 0.6742]
1046	:	[71]  ->  [32]  [0.3352, 0.5572]
1047	:	[78]  ->  [96]  [0.3100, 0.6215]
1048	:	[96]  ->  [78]  [0.3100, 0.6180]
1049	:	[78]  ->  [53]  [0.3076, 0.6167]
1050	:	[53]  ->  [78]  [0.3076, 0.6089]
1051	:	[78]  ->  [33]  [0.3076, 0.6167]
1052	:	[33]  ->  [78]  [0.3076, 0.6074]
1053	:	[78]  ->  [5]  [0.3112, 0.6239]
1054	:	[5]  ->  [78]  [0.3112, 0.5930]
1055	:	[78]  ->  [31]  [0.3352, 0.6720]
1056	:	[31]  ->  [78]  [0.3352, 0.6368]
1057	:	[78]  ->  [91]  [0.3016, 0.6047]
1058	:	[91]  ->  [78]  [0.3016, 0.5751]
1059	:	[78]  ->  [4]  [0.3036, 0.6087]
1060	:	[4]  ->  [78]  [0.3036, 0.5789]
1061	:	[78]  ->  [37]  [0.3300, 0.6616]
1062	:	[37]  ->  [78]  [0.3300, 0.6259]
1063	:	[78]  ->  [73]  [0.3140, 0.6295]
1064	:	[73]  ->  [78]  [0.3140, 0.5849]
1065	:	[78]  ->  [10]  [0.3048, 0.6111]
1066	:	[10]  ->  [78]  [0.3048, 0.5716]
1067	:	[78]  ->  [68]  [0.3176, 0.6367]
1068	:	[68]  ->  [78]  [0.3176, 0.5712]
1069	:	[78]  ->  [62]  [0.3172, 0.6359]
1070	:	[62]  ->  [78]  [0.3172, 0.5640]
1071	:	[78]  ->  [29]  [0.3160, 0.6335]
1072	:	[29]  ->  [78]  [0.3160, 0.5659]
1073	:	[78]  ->  [52]  [0.3280, 0.6576]
1074	:	[52]  ->  [78]  [0.3280, 0.5730]
1075	:	[78]  ->  [49]  [0.3004, 0.6022]
1076	:	[49]  ->  [78]  [0.3004, 0.5112]
1077	:	[78]  ->  [45]  [0.3340, 0.6696]
1078	:	[45]  ->  [78]  [0.3340, 0.5779]
1079	:	[78]  ->  [51]  [0.3088, 0.6191]
1080	:	[51]  ->  [78]  [0.3088, 0.5302]
1081	:	[78]  ->  [67]  [0.3312, 0.6640]
1082	:	[67]  ->  [78]  [0.3312, 0.5352]
1083	:	[78]  ->  [75]  [0.3488, 0.6993]
1084	:	[75]  ->  [78]  [0.3488, 0.5477]
1085	:	[78]  ->  [76]  [0.3500, 0.7017]
1086	:	[76]  ->  [78]  [0.3500, 0.5956]
1087	:	[78]  ->  [71]  [0.3556, 0.7129]
1088	:	[71]  ->  [78]  [0.3556, 0.5911]
1089	:	[36]  ->  [96]  [0.3304, 0.6619]
1090	:	[96]  ->  [36]  [0.3304, 0.6587]
1091	:	[36]  ->  [89]  [0.3184, 0.6378]
1092	:	[89]  ->  [36]  [0.3184, 0.6292]
1093	:	[36]  ->  [23]  [0.3000, 0.6010]
1094	:	[23]  ->  [36]  [0.3000, 0.5787]
1095	:	[36]  ->  [60]  [0.3172, 0.6354]
1096	:	[60]  ->  [36]  [0.3172, 0.6100]
1097	:	[36]  ->  [5]  [0.3104, 0.6218]
1098	:	[5]  ->  [36]  [0.3104, 0.5915]
1099	:	[36]  ->  [31]  [0.3076, 0.6162]
1100	:	[31]  ->  [36]  [0.3076, 0.5843]
1101	:	[36]  ->  [91]  [0.3088, 0.6186]
1102	:	[91]  ->  [36]  [0.3088, 0.5889]
1103	:	[36]  ->  [4]  [0.3112, 0.6234]
1104	:	[4]  ->  [36]  [0.3112, 0.5934]
1105	:	[36]  ->  [37]  [0.3116, 0.6242]
1106	:	[37]  ->  [36]  [0.3116, 0.5910]
1107	:	[36]  ->  [73]  [0.3220, 0.6450]
1108	:	[73]  ->  [36]  [0.3220, 0.5999]
1109	:	[36]  ->  [10]  [0.3264, 0.6538]
1110	:	[10]  ->  [36]  [0.3264, 0.6122]
1111	:	[36]  ->  [68]  [0.3304, 0.6619]
1112	:	[68]  ->  [36]  [0.3304, 0.5942]
1113	:	[36]  ->  [62]  [0.3188, 0.6386]
1114	:	[62]  ->  [36]  [0.3188, 0.5669]
1115	:	[36]  ->  [29]  [0.3228, 0.6466]
1116	:	[29]  ->  [36]  [0.3228, 0.5781]
1117	:	[36]  ->  [52]  [0.3592, 0.7196]
1118	:	[52]  ->  [36]  [0.3592, 0.6275]
1119	:	[36]  ->  [49]  [0.3372, 0.6755]
1120	:	[49]  ->  [36]  [0.3372, 0.5739]
1121	:	[36]  ->  [45]  [0.3508, 0.7027]
1122	:	[45]  ->  [36]  [0.3508, 0.6069]
1123	:	[36]  ->  [51]  [0.3392, 0.6795]
1124	:	[51]  ->  [36]  [0.3392, 0.5824]
1125	:	[36]  ->  [67]  [0.3660, 0.7332]
1126	:	[67]  ->  [36]  [0.3660, 0.5915]
1127	:	[36]  ->  [75]  [0.3084, 0.6178]
1128	:	[75]  ->  [36]  [0.3084, 0.4843]
1129	:	[36]  ->  [76]  [0.3264, 0.6538]
1130	:	[76]  ->  [36]  [0.3264, 0.5555]
1131	:	[36]  ->  [71]  [0.3656, 0.7324]
1132	:	[71]  ->  [36]  [0.3656, 0.6077]
1133	:	[96]  ->  [53]  [0.3180, 0.6340]
1134	:	[53]  ->  [96]  [0.3180, 0.6295]
1135	:	[96]  ->  [89]  [0.3236, 0.6451]
1136	:	[89]  ->  [96]  [0.3236, 0.6395]
1137	:	[96]  ->  [35]  [0.3204, 0.6388]
1138	:	[35]  ->  [96]  [0.3204, 0.6248]
1139	:	[96]  ->  [23]  [0.3080, 0.6140]
1140	:	[23]  ->  [96]  [0.3080, 0.5941]
1141	:	[96]  ->  [5]  [0.3200, 0.6380]
1142	:	[5]  ->  [96]  [0.3200, 0.6098]
1143	:	[96]  ->  [31]  [0.3196, 0.6372]
1144	:	[31]  ->  [96]  [0.3196, 0.6071]
1145	:	[96]  ->  [91]  [0.3296, 0.6571]
1146	:	[91]  ->  [96]  [0.3296, 0.6285]
1147	:	[96]  ->  [4]  [0.3000, 0.5981]
1148	:	[4]  ->  [96]  [0.3000, 0.5721]
1149	:	[96]  ->  [37]  [0.3156, 0.6292]
1150	:	[37]  ->  [96]  [0.3156, 0.5986]
1151	:	[96]  ->  [73]  [0.3060, 0.6100]
1152	:	[73]  ->  [96]  [0.3060, 0.5700]
1153	:	[96]  ->  [10]  [0.3240, 0.6459]
1154	:	[10]  ->  [96]  [0.3240, 0.6077]
1155	:	[96]  ->  [68]  [0.3296, 0.6571]
1156	:	[68]  ->  [96]  [0.3296, 0.5928]
1157	:	[96]  ->  [62]  [0.3324, 0.6627]
1158	:	[62]  ->  [96]  [0.3324, 0.5910]
1159	:	[96]  ->  [29]  [0.3208, 0.6396]
1160	:	[29]  ->  [96]  [0.3208, 0.5745]
1161	:	[96]  ->  [52]  [0.3320, 0.6619]
1162	:	[52]  ->  [96]  [0.3320, 0.5800]
1163	:	[96]  ->  [49]  [0.3380, 0.6738]
1164	:	[49]  ->  [96]  [0.3380, 0.5752]
1165	:	[96]  ->  [45]  [0.3552, 0.7081]
1166	:	[45]  ->  [96]  [0.3552, 0.6145]
1167	:	[96]  ->  [51]  [0.3276, 0.6531]
1168	:	[51]  ->  [96]  [0.3276, 0.5625]
1169	:	[96]  ->  [67]  [0.3404, 0.6786]
1170	:	[67]  ->  [96]  [0.3404, 0.5501]
1171	:	[96]  ->  [75]  [0.3316, 0.6611]
1172	:	[75]  ->  [96]  [0.3316, 0.5207]
1173	:	[96]  ->  [76]  [0.3376, 0.6730]
1174	:	[76]  ->  [96]  [0.3376, 0.5745]
1175	:	[96]  ->  [71]  [0.3580, 0.7137]
1176	:	[71]  ->  [96]  [0.3580, 0.5951]
1177	:	[53]  ->  [89]  [0.3164, 0.6263]
1178	:	[89]  ->  [53]  [0.3164, 0.6253]
1179	:	[53]  ->  [35]  [0.3008, 0.5954]
1180	:	[35]  ->  [53]  [0.3008, 0.5866]
1181	:	[53]  ->  [84]  [0.3404, 0.6738]
1182	:	[84]  ->  [53]  [0.3404, 0.6551]
1183	:	[53]  ->  [5]  [0.3132, 0.6200]
1184	:	[5]  ->  [53]  [0.3132, 0.5968]
1185	:	[53]  ->  [31]  [0.3484, 0.6896]
1186	:	[31]  ->  [53]  [0.3484, 0.6619]
1187	:	[53]  ->  [4]  [0.3108, 0.6152]
1188	:	[4]  ->  [53]  [0.3108, 0.5927]
1189	:	[53]  ->  [37]  [0.3076, 0.6089]
1190	:	[37]  ->  [53]  [0.3076, 0.5835]
1191	:	[53]  ->  [73]  [0.3120, 0.6176]
1192	:	[73]  ->  [53]  [0.3120, 0.5812]
1193	:	[53]  ->  [10]  [0.3320, 0.6572]
1194	:	[10]  ->  [53]  [0.3320, 0.6227]
1195	:	[53]  ->  [68]  [0.3144, 0.6223]
1196	:	[68]  ->  [53]  [0.3144, 0.5655]
1197	:	[53]  ->  [62]  [0.3296, 0.6524]
1198	:	[62]  ->  [53]  [0.3296, 0.5861]
1199	:	[53]  ->  [29]  [0.3328, 0.6587]
1200	:	[29]  ->  [53]  [0.3328, 0.5960]
1201	:	[53]  ->  [52]  [0.3292, 0.6516]
1202	:	[52]  ->  [53]  [0.3292, 0.5751]
1203	:	[53]  ->  [49]  [0.3156, 0.6247]
1204	:	[49]  ->  [53]  [0.3156, 0.5371]
1205	:	[53]  ->  [45]  [0.3424, 0.6778]
1206	:	[45]  ->  [53]  [0.3424, 0.5924]
1207	:	[53]  ->  [67]  [0.3328, 0.6587]
1208	:	[67]  ->  [53]  [0.3328, 0.5378]
1209	:	[53]  ->  [75]  [0.3432, 0.6793]
1210	:	[75]  ->  [53]  [0.3432, 0.5389]
1211	:	[53]  ->  [76]  [0.3284, 0.6500]
1212	:	[76]  ->  [53]  [0.3284, 0.5589]
1213	:	[53]  ->  [71]  [0.3524, 0.6975]
1214	:	[71]  ->  [53]  [0.3524, 0.5858]
1215	:	[89]  ->  [35]  [0.3036, 0.6000]
1216	:	[35]  ->  [89]  [0.3036, 0.5920]
1217	:	[89]  ->  [23]  [0.3260, 0.6443]
1218	:	[23]  ->  [89]  [0.3260, 0.6289]
1219	:	[89]  ->  [84]  [0.3072, 0.6071]
1220	:	[84]  ->  [89]  [0.3072, 0.5912]
1221	:	[89]  ->  [5]  [0.3052, 0.6032]
1222	:	[5]  ->  [89]  [0.3052, 0.5816]
1223	:	[89]  ->  [31]  [0.3188, 0.6300]
1224	:	[31]  ->  [89]  [0.3188, 0.6056]
1225	:	[89]  ->  [91]  [0.3184, 0.6292]
1226	:	[91]  ->  [89]  [0.3184, 0.6072]
1227	:	[89]  ->  [4]  [0.3112, 0.6150]
1228	:	[4]  ->  [89]  [0.3112, 0.5934]
1229	:	[89]  ->  [37]  [0.3252, 0.6427]
1230	:	[37]  ->  [89]  [0.3252, 0.6168]
1231	:	[89]  ->  [73]  [0.3016, 0.5960]
1232	:	[73]  ->  [89]  [0.3016, 0.5618]
1233	:	[89]  ->  [10]  [0.3336, 0.6593]
1234	:	[10]  ->  [89]  [0.3336, 0.6257]
1235	:	[89]  ->  [68]  [0.3248, 0.6419]
1236	:	[68]  ->  [89]  [0.3248, 0.5842]
1237	:	[89]  ->  [62]  [0.3440, 0.6798]
1238	:	[62]  ->  [89]  [0.3440, 0.6117]
1239	:	[89]  ->  [29]  [0.3232, 0.6387]
1240	:	[29]  ->  [89]  [0.3232, 0.5788]
1241	:	[89]  ->  [52]  [0.3384, 0.6688]
1242	:	[52]  ->  [89]  [0.3384, 0.5912]
1243	:	[89]  ->  [49]  [0.3600, 0.7115]
1244	:	[49]  ->  [89]  [0.3600, 0.6127]
1245	:	[89]  ->  [45]  [0.3724, 0.7360]
1246	:	[45]  ->  [89]  [0.3724, 0.6443]
1247	:	[89]  ->  [51]  [0.3380, 0.6680]
1248	:	[51]  ->  [89]  [0.3380, 0.5804]
1249	:	[89]  ->  [67]  [0.3356, 0.6632]
1250	:	[67]  ->  [89]  [0.3356, 0.5423]
1251	:	[89]  ->  [75]  [0.3368, 0.6656]
1252	:	[75]  ->  [89]  [0.3368, 0.5289]
1253	:	[89]  ->  [76]  [0.3444, 0.6806]
1254	:	[76]  ->  [89]  [0.3444, 0.5861]
1255	:	[89]  ->  [71]  [0.3636, 0.7186]
1256	:	[71]  ->  [89]  [0.3636, 0.6044]
1257	:	[33]  ->  [35]  [0.3208, 0.6335]
1258	:	[35]  ->  [33]  [0.3208, 0.6256]
1259	:	[33]  ->  [23]  [0.3244, 0.6406]
1260	:	[23]  ->  [33]  [0.3244, 0.6258]
1261	:	[33]  ->  [84]  [0.3076, 0.6074]
1262	:	[84]  ->  [33]  [0.3076, 0.5920]
1263	:	[33]  ->  [60]  [0.3048, 0.6019]
1264	:	[60]  ->  [33]  [0.3048, 0.5862]
1265	:	[33]  ->  [5]  [0.3092, 0.6106]
1266	:	[5]  ->  [33]  [0.3092, 0.5892]
1267	:	[33]  ->  [91]  [0.3040, 0.6003]
1268	:	[91]  ->  [33]  [0.3040, 0.5797]
1269	:	[33]  ->  [4]  [0.3452, 0.6817]
1270	:	[4]  ->  [33]  [0.3452, 0.6583]
1271	:	[33]  ->  [37]  [0.3224, 0.6367]
1272	:	[37]  ->  [33]  [0.3224, 0.6115]
1273	:	[33]  ->  [73]  [0.3244, 0.6406]
1274	:	[73]  ->  [33]  [0.3244, 0.6043]
1275	:	[33]  ->  [10]  [0.3300, 0.6517]
1276	:	[10]  ->  [33]  [0.3300, 0.6189]
1277	:	[33]  ->  [68]  [0.3148, 0.6216]
1278	:	[68]  ->  [33]  [0.3148, 0.5662]
1279	:	[33]  ->  [62]  [0.3280, 0.6477]
1280	:	[62]  ->  [33]  [0.3280, 0.5832]
1281	:	[33]  ->  [29]  [0.3120, 0.6161]
1282	:	[29]  ->  [33]  [0.3120, 0.5587]
1283	:	[33]  ->  [52]  [0.3348, 0.6611]
1284	:	[52]  ->  [33]  [0.3348, 0.5849]
1285	:	[33]  ->  [49]  [0.3400, 0.6714]
1286	:	[49]  ->  [33]  [0.3400, 0.5786]
1287	:	[33]  ->  [45]  [0.3308, 0.6532]
1288	:	[45]  ->  [33]  [0.3308, 0.5723]
1289	:	[33]  ->  [51]  [0.3412, 0.6738]
1290	:	[51]  ->  [33]  [0.3412, 0.5859]
1291	:	[33]  ->  [67]  [0.3292, 0.6501]
1292	:	[67]  ->  [33]  [0.3292, 0.5320]
1293	:	[33]  ->  [75]  [0.3364, 0.6643]
1294	:	[75]  ->  [33]  [0.3364, 0.5283]
1295	:	[33]  ->  [76]  [0.3352, 0.6619]
1296	:	[76]  ->  [33]  [0.3352, 0.5705]
1297	:	[33]  ->  [71]  [0.3500, 0.6912]
1298	:	[71]  ->  [33]  [0.3500, 0.5818]
1299	:	[35]  ->  [23]  [0.3152, 0.6147]
1300	:	[23]  ->  [35]  [0.3152, 0.6080]
1301	:	[35]  ->  [84]  [0.3736, 0.7285]
1302	:	[84]  ->  [35]  [0.3736, 0.7190]
1303	:	[35]  ->  [60]  [0.3208, 0.6256]
1304	:	[60]  ->  [35]  [0.3208, 0.6169]
1305	:	[35]  ->  [31]  [0.3032, 0.5913]
1306	:	[31]  ->  [35]  [0.3032, 0.5760]
1307	:	[35]  ->  [91]  [0.3072, 0.5991]
1308	:	[91]  ->  [35]  [0.3072, 0.5858]
1309	:	[35]  ->  [4]  [0.3392, 0.6615]
1310	:	[4]  ->  [35]  [0.3392, 0.6468]
1311	:	[35]  ->  [37]  [0.3204, 0.6248]
1312	:	[37]  ->  [35]  [0.3204, 0.6077]
1313	:	[35]  ->  [10]  [0.3316, 0.6466]
1314	:	[10]  ->  [35]  [0.3316, 0.6219]
1315	:	[35]  ->  [68]  [0.3376, 0.6583]
1316	:	[68]  ->  [35]  [0.3376, 0.6072]
1317	:	[35]  ->  [62]  [0.3088, 0.6022]
1318	:	[62]  ->  [35]  [0.3088, 0.5491]
1319	:	[35]  ->  [29]  [0.3440, 0.6708]
1320	:	[29]  ->  [35]  [0.3440, 0.6160]
1321	:	[35]  ->  [52]  [0.3328, 0.6490]
1322	:	[52]  ->  [35]  [0.3328, 0.5814]
1323	:	[35]  ->  [49]  [0.3324, 0.6482]
1324	:	[49]  ->  [35]  [0.3324, 0.5657]
1325	:	[35]  ->  [45]  [0.3240, 0.6318]
1326	:	[45]  ->  [35]  [0.3240, 0.5606]
1327	:	[35]  ->  [51]  [0.3552, 0.6927]
1328	:	[51]  ->  [35]  [0.3552, 0.6099]
1329	:	[35]  ->  [67]  [0.3248, 0.6334]
1330	:	[67]  ->  [35]  [0.3248, 0.5249]
1331	:	[35]  ->  [75]  [0.3344, 0.6521]
1332	:	[75]  ->  [35]  [0.3344, 0.5251]
1333	:	[35]  ->  [76]  [0.3340, 0.6513]
1334	:	[76]  ->  [35]  [0.3340, 0.5684]
1335	:	[35]  ->  [71]  [0.3680, 0.7176]
1336	:	[71]  ->  [35]  [0.3680, 0.6117]
1337	:	[23]  ->  [84]  [0.3324, 0.6412]
1338	:	[84]  ->  [23]  [0.3324, 0.6397]
1339	:	[23]  ->  [60]  [0.3264, 0.6296]
1340	:	[60]  ->  [23]  [0.3264, 0.6277]
1341	:	[23]  ->  [5]  [0.3444, 0.6644]
1342	:	[5]  ->  [23]  [0.3444, 0.6563]
1343	:	[23]  ->  [31]  [0.3196, 0.6165]
1344	:	[31]  ->  [23]  [0.3196, 0.6071]
1345	:	[23]  ->  [91]  [0.3172, 0.6119]
1346	:	[91]  ->  [23]  [0.3172, 0.6049]
1347	:	[23]  ->  [4]  [0.3164, 0.6103]
1348	:	[4]  ->  [23]  [0.3164, 0.6034]
1349	:	[23]  ->  [37]  [0.3372, 0.6505]
1350	:	[37]  ->  [23]  [0.3372, 0.6396]
1351	:	[23]  ->  [73]  [0.3388, 0.6535]
1352	:	[73]  ->  [23]  [0.3388, 0.6311]
1353	:	[23]  ->  [10]  [0.3324, 0.6412]
1354	:	[10]  ->  [23]  [0.3324, 0.6234]
1355	:	[23]  ->  [68]  [0.3300, 0.6366]
1356	:	[68]  ->  [23]  [0.3300, 0.5935]
1357	:	[23]  ->  [62]  [0.3428, 0.6613]
1358	:	[62]  ->  [23]  [0.3428, 0.6095]
1359	:	[23]  ->  [29]  [0.3348, 0.6458]
1360	:	[29]  ->  [23]  [0.3348, 0.5996]
1361	:	[23]  ->  [52]  [0.3440, 0.6636]
1362	:	[52]  ->  [23]  [0.3440, 0.6010]
1363	:	[23]  ->  [49]  [0.3344, 0.6451]
1364	:	[49]  ->  [23]  [0.3344, 0.5691]
1365	:	[23]  ->  [45]  [0.3196, 0.6165]
1366	:	[45]  ->  [23]  [0.3196, 0.5529]
1367	:	[23]  ->  [51]  [0.3516, 0.6782]
1368	:	[51]  ->  [23]  [0.3516, 0.6037]
1369	:	[23]  ->  [67]  [0.3312, 0.6389]
1370	:	[67]  ->  [23]  [0.3312, 0.5352]
1371	:	[23]  ->  [75]  [0.3436, 0.6628]
1372	:	[75]  ->  [23]  [0.3436, 0.5396]
1373	:	[23]  ->  [76]  [0.3516, 0.6782]
1374	:	[76]  ->  [23]  [0.3516, 0.5984]
1375	:	[23]  ->  [71]  [0.3440, 0.6636]
1376	:	[71]  ->  [23]  [0.3440, 0.5718]
1377	:	[84]  ->  [60]  [0.3060, 0.5889]
1378	:	[60]  ->  [84]  [0.3060, 0.5885]
1379	:	[84]  ->  [31]  [0.3328, 0.6405]
1380	:	[31]  ->  [84]  [0.3328, 0.6322]
1381	:	[84]  ->  [91]  [0.3492, 0.6721]
1382	:	[91]  ->  [84]  [0.3492, 0.6659]
1383	:	[84]  ->  [4]  [0.3376, 0.6497]
1384	:	[4]  ->  [84]  [0.3376, 0.6438]
1385	:	[84]  ->  [37]  [0.3288, 0.6328]
1386	:	[37]  ->  [84]  [0.3288, 0.6237]
1387	:	[84]  ->  [73]  [0.3128, 0.6020]
1388	:	[73]  ->  [84]  [0.3128, 0.5827]
1389	:	[84]  ->  [10]  [0.3044, 0.5858]
1390	:	[10]  ->  [84]  [0.3044, 0.5709]
1391	:	[84]  ->  [68]  [0.3420, 0.6582]
1392	:	[68]  ->  [84]  [0.3420, 0.6151]
1393	:	[84]  ->  [62]  [0.3332, 0.6413]
1394	:	[62]  ->  [84]  [0.3332, 0.5925]
1395	:	[84]  ->  [29]  [0.3400, 0.6543]
1396	:	[29]  ->  [84]  [0.3400, 0.6089]
1397	:	[84]  ->  [52]  [0.3240, 0.6236]
1398	:	[52]  ->  [84]  [0.3240, 0.5660]
1399	:	[84]  ->  [49]  [0.3472, 0.6682]
1400	:	[49]  ->  [84]  [0.3472, 0.5909]
1401	:	[84]  ->  [45]  [0.3208, 0.6174]
1402	:	[45]  ->  [84]  [0.3208, 0.5550]
1403	:	[84]  ->  [51]  [0.3620, 0.6967]
1404	:	[51]  ->  [84]  [0.3620, 0.6216]
1405	:	[84]  ->  [67]  [0.3344, 0.6436]
1406	:	[67]  ->  [84]  [0.3344, 0.5404]
1407	:	[84]  ->  [75]  [0.3624, 0.6975]
1408	:	[75]  ->  [84]  [0.3624, 0.5691]
1409	:	[84]  ->  [76]  [0.3608, 0.6944]
1410	:	[76]  ->  [84]  [0.3608, 0.6140]
1411	:	[84]  ->  [71]  [0.3664, 0.7052]
1412	:	[71]  ->  [84]  [0.3664, 0.6090]
1413	:	[60]  ->  [5]  [0.3156, 0.6069]
1414	:	[5]  ->  [60]  [0.3156, 0.6014]
1415	:	[60]  ->  [31]  [0.3148, 0.6054]
1416	:	[31]  ->  [60]  [0.3148, 0.5980]
1417	:	[60]  ->  [91]  [0.3368, 0.6477]
1418	:	[91]  ->  [60]  [0.3368, 0.6423]
1419	:	[60]  ->  [37]  [0.3368, 0.6477]
1420	:	[37]  ->  [60]  [0.3368, 0.6388]
1421	:	[60]  ->  [73]  [0.3224, 0.6200]
1422	:	[73]  ->  [60]  [0.3224, 0.6006]
1423	:	[60]  ->  [10]  [0.3280, 0.6308]
1424	:	[10]  ->  [60]  [0.3280, 0.6152]
1425	:	[60]  ->  [68]  [0.3264, 0.6277]
1426	:	[68]  ->  [60]  [0.3264, 0.5871]
1427	:	[60]  ->  [62]  [0.3140, 0.6038]
1428	:	[62]  ->  [60]  [0.3140, 0.5583]
1429	:	[60]  ->  [29]  [0.3488, 0.6708]
1430	:	[29]  ->  [60]  [0.3488, 0.6246]
1431	:	[60]  ->  [52]  [0.3368, 0.6477]
1432	:	[52]  ->  [60]  [0.3368, 0.5884]
1433	:	[60]  ->  [49]  [0.3264, 0.6277]
1434	:	[49]  ->  [60]  [0.3264, 0.5555]
1435	:	[60]  ->  [45]  [0.3104, 0.5969]
1436	:	[45]  ->  [60]  [0.3104, 0.5370]
1437	:	[60]  ->  [51]  [0.3680, 0.7077]
1438	:	[51]  ->  [60]  [0.3680, 0.6319]
1439	:	[60]  ->  [67]  [0.3472, 0.6677]
1440	:	[67]  ->  [60]  [0.3472, 0.5611]
1441	:	[60]  ->  [75]  [0.3108, 0.5977]
1442	:	[75]  ->  [60]  [0.3108, 0.4881]
1443	:	[60]  ->  [76]  [0.3528, 0.6785]
1444	:	[76]  ->  [60]  [0.3528, 0.6004]
1445	:	[60]  ->  [71]  [0.3876, 0.7454]
1446	:	[71]  ->  [60]  [0.3876, 0.6443]
1447	:	[5]  ->  [31]  [0.3248, 0.6189]
1448	:	[31]  ->  [5]  [0.3248, 0.6170]
1449	:	[5]  ->  [91]  [0.3412, 0.6502]
1450	:	[91]  ->  [5]  [0.3412, 0.6506]
1451	:	[5]  ->  [4]  [0.3152, 0.6006]
1452	:	[4]  ->  [5]  [0.3152, 0.6011]
1453	:	[5]  ->  [37]  [0.3060, 0.5831]
1454	:	[37]  ->  [5]  [0.3060, 0.5804]
1455	:	[5]  ->  [73]  [0.3036, 0.5785]
1456	:	[73]  ->  [5]  [0.3036, 0.5656]
1457	:	[5]  ->  [10]  [0.3128, 0.5960]
1458	:	[10]  ->  [5]  [0.3128, 0.5866]
1459	:	[5]  ->  [68]  [0.3588, 0.6837]
1460	:	[68]  ->  [5]  [0.3588, 0.6453]
1461	:	[5]  ->  [62]  [0.3472, 0.6616]
1462	:	[62]  ->  [5]  [0.3472, 0.6174]
1463	:	[5]  ->  [29]  [0.3472, 0.6616]
1464	:	[29]  ->  [5]  [0.3472, 0.6218]
1465	:	[5]  ->  [52]  [0.3668, 0.6989]
1466	:	[52]  ->  [5]  [0.3668, 0.6408]
1467	:	[5]  ->  [49]  [0.3500, 0.6669]
1468	:	[49]  ->  [5]  [0.3500, 0.5956]
1469	:	[5]  ->  [45]  [0.3676, 0.7005]
1470	:	[45]  ->  [5]  [0.3676, 0.6360]
1471	:	[5]  ->  [51]  [0.3232, 0.6159]
1472	:	[51]  ->  [5]  [0.3232, 0.5549]
1473	:	[5]  ->  [67]  [0.3640, 0.6936]
1474	:	[67]  ->  [5]  [0.3640, 0.5882]
1475	:	[5]  ->  [75]  [0.3428, 0.6532]
1476	:	[75]  ->  [5]  [0.3428, 0.5383]
1477	:	[5]  ->  [76]  [0.3468, 0.6608]
1478	:	[76]  ->  [5]  [0.3468, 0.5902]
1479	:	[5]  ->  [71]  [0.3720, 0.7088]
1480	:	[71]  ->  [5]  [0.3720, 0.6184]
1481	:	[31]  ->  [91]  [0.3036, 0.5767]
1482	:	[91]  ->  [31]  [0.3036, 0.5789]
1483	:	[31]  ->  [4]  [0.3440, 0.6535]
1484	:	[4]  ->  [31]  [0.3440, 0.6560]
1485	:	[31]  ->  [37]  [0.3376, 0.6413]
1486	:	[37]  ->  [31]  [0.3376, 0.6404]
1487	:	[31]  ->  [73]  [0.3276, 0.6223]
1488	:	[73]  ->  [31]  [0.3276, 0.6103]
1489	:	[31]  ->  [10]  [0.3468, 0.6588]
1490	:	[10]  ->  [31]  [0.3468, 0.6504]
1491	:	[31]  ->  [68]  [0.3440, 0.6535]
1492	:	[68]  ->  [31]  [0.3440, 0.6187]
1493	:	[31]  ->  [62]  [0.3396, 0.6451]
1494	:	[62]  ->  [31]  [0.3396, 0.6038]
1495	:	[31]  ->  [29]  [0.3404, 0.6467]
1496	:	[29]  ->  [31]  [0.3404, 0.6096]
1497	:	[31]  ->  [52]  [0.3416, 0.6489]
1498	:	[52]  ->  [31]  [0.3416, 0.5968]
1499	:	[31]  ->  [49]  [0.3320, 0.6307]
1500	:	[49]  ->  [31]  [0.3320, 0.5650]
1501	:	[31]  ->  [45]  [0.3628, 0.6892]
1502	:	[45]  ->  [31]  [0.3628, 0.6277]
1503	:	[31]  ->  [51]  [0.3256, 0.6185]
1504	:	[51]  ->  [31]  [0.3256, 0.5591]
1505	:	[31]  ->  [67]  [0.3600, 0.6839]
1506	:	[67]  ->  [31]  [0.3600, 0.5818]
1507	:	[31]  ->  [75]  [0.3556, 0.6755]
1508	:	[75]  ->  [31]  [0.3556, 0.5584]
1509	:	[31]  ->  [76]  [0.3740, 0.7105]
1510	:	[76]  ->  [31]  [0.3740, 0.6365]
1511	:	[31]  ->  [76, 71]  [0.3000, 0.5699]
1512	:	[76, 71]  ->  [31]  [0.3000, 0.7260]
1513	:	[76]  ->  [31, 71]  [0.3000, 0.5106]
1514	:	[31, 71]  ->  [76]  [0.3000, 0.7821]
1515	:	[31, 76]  ->  [71]  [0.3000, 0.8021]
1516	:	[71]  ->  [31, 76]  [0.3000, 0.4987]
1517	:	[31]  ->  [71]  [0.3836, 0.7287]
1518	:	[71]  ->  [31]  [0.3836, 0.6376]
1519	:	[91]  ->  [4]  [0.3252, 0.6201]
1520	:	[4]  ->  [91]  [0.3252, 0.6201]
1521	:	[91]  ->  [37]  [0.3336, 0.6362]
1522	:	[37]  ->  [91]  [0.3336, 0.6328]
1523	:	[91]  ->  [10]  [0.3012, 0.5744]
1524	:	[10]  ->  [91]  [0.3012, 0.5649]
1525	:	[91]  ->  [68]  [0.3288, 0.6270]
1526	:	[68]  ->  [91]  [0.3288, 0.5914]
1527	:	[91]  ->  [62]  [0.3280, 0.6255]
1528	:	[62]  ->  [91]  [0.3280, 0.5832]
1529	:	[91]  ->  [29]  [0.3688, 0.7033]
1530	:	[29]  ->  [91]  [0.3688, 0.6605]
1531	:	[91]  ->  [52]  [0.3252, 0.6201]
1532	:	[52]  ->  [91]  [0.3252, 0.5681]
1533	:	[91]  ->  [49]  [0.3732, 0.7117]
1534	:	[49]  ->  [91]  [0.3732, 0.6351]
1535	:	[91]  ->  [45]  [0.3568, 0.6804]
1536	:	[45]  ->  [91]  [0.3568, 0.6173]
1537	:	[91]  ->  [51]  [0.3624, 0.6911]
1538	:	[51]  ->  [91]  [0.3624, 0.6223]
1539	:	[91]  ->  [67]  [0.3536, 0.6743]
1540	:	[67]  ->  [91]  [0.3536, 0.5714]
1541	:	[91]  ->  [75]  [0.3528, 0.6728]
1542	:	[75]  ->  [91]  [0.3528, 0.5540]
1543	:	[91]  ->  [76]  [0.3668, 0.6995]
1544	:	[76]  ->  [91]  [0.3668, 0.6242]
1545	:	[91]  ->  [71]  [0.3732, 0.7117]
1546	:	[71]  ->  [91]  [0.3732, 0.6203]
1547	:	[4]  ->  [37]  [0.3232, 0.6163]
1548	:	[37]  ->  [4]  [0.3232, 0.6131]
1549	:	[4]  ->  [73]  [0.3040, 0.5797]
1550	:	[73]  ->  [4]  [0.3040, 0.5663]
1551	:	[4]  ->  [10]  [0.3416, 0.6514]
1552	:	[10]  ->  [4]  [0.3416, 0.6407]
1553	:	[4]  ->  [68]  [0.3304, 0.6301]
1554	:	[68]  ->  [4]  [0.3304, 0.5942]
1555	:	[4]  ->  [62]  [0.3480, 0.6636]
1556	:	[62]  ->  [4]  [0.3480, 0.6188]
1557	:	[4]  ->  [29]  [0.3308, 0.6308]
1558	:	[29]  ->  [4]  [0.3308, 0.5924]
1559	:	[4]  ->  [52]  [0.3464, 0.6606]
1560	:	[52]  ->  [4]  [0.3464, 0.6052]
1561	:	[4]  ->  [49]  [0.3332, 0.6354]
1562	:	[49]  ->  [4]  [0.3332, 0.5671]
1563	:	[4]  ->  [45]  [0.3464, 0.6606]
1564	:	[45]  ->  [4]  [0.3464, 0.5993]
1565	:	[4]  ->  [51]  [0.3424, 0.6529]
1566	:	[51]  ->  [4]  [0.3424, 0.5879]
1567	:	[4]  ->  [67]  [0.3284, 0.6262]
1568	:	[67]  ->  [4]  [0.3284, 0.5307]
1569	:	[4]  ->  [75]  [0.3676, 0.7010]
1570	:	[75]  ->  [4]  [0.3676, 0.5773]
1571	:	[4]  ->  [76]  [0.3420, 0.6522]
1572	:	[76]  ->  [4]  [0.3420, 0.5820]
1573	:	[4]  ->  [71]  [0.3604, 0.6873]
1574	:	[71]  ->  [4]  [0.3604, 0.5991]
1575	:	[37]  ->  [73]  [0.3360, 0.6373]
1576	:	[73]  ->  [37]  [0.3360, 0.6259]
1577	:	[37]  ->  [10]  [0.3360, 0.6373]
1578	:	[10]  ->  [37]  [0.3360, 0.6302]
1579	:	[37]  ->  [68]  [0.3644, 0.6912]
1580	:	[68]  ->  [37]  [0.3644, 0.6554]
1581	:	[37]  ->  [62]  [0.3260, 0.6184]
1582	:	[62]  ->  [37]  [0.3260, 0.5797]
1583	:	[37]  ->  [29]  [0.3112, 0.5903]
1584	:	[29]  ->  [37]  [0.3112, 0.5573]
1585	:	[37]  ->  [52]  [0.3612, 0.6851]
1586	:	[52]  ->  [37]  [0.3612, 0.6310]
1587	:	[37]  ->  [49]  [0.3168, 0.6009]
1588	:	[49]  ->  [37]  [0.3168, 0.5391]
1589	:	[37]  ->  [45]  [0.3204, 0.6077]
1590	:	[45]  ->  [37]  [0.3204, 0.5543]
1591	:	[37]  ->  [51]  [0.3500, 0.6639]
1592	:	[51]  ->  [37]  [0.3500, 0.6010]
1593	:	[37]  ->  [67]  [0.3740, 0.7094]
1594	:	[67]  ->  [37]  [0.3740, 0.6044]
1595	:	[37]  ->  [67, 71]  [0.3144, 0.5964]
1596	:	[67, 71]  ->  [37]  [0.3144, 0.7366]
1597	:	[67]  ->  [37, 71]  [0.3144, 0.5081]
1598	:	[37, 71]  ->  [67]  [0.3144, 0.7836]
1599	:	[37, 67]  ->  [71]  [0.3144, 0.8406]
1600	:	[71]  ->  [37, 67]  [0.3144, 0.5226]
1601	:	[37]  ->  [75]  [0.3400, 0.6449]
1602	:	[75]  ->  [37]  [0.3400, 0.5339]
1603	:	[37]  ->  [76]  [0.3512, 0.6662]
1604	:	[76]  ->  [37]  [0.3512, 0.5977]
1605	:	[37]  ->  [71]  [0.4012, 0.7610]
1606	:	[71]  ->  [37]  [0.4012, 0.6669]
1607	:	[73]  ->  [10]  [0.3336, 0.6215]
1608	:	[10]  ->  [73]  [0.3336, 0.6257]
1609	:	[73]  ->  [68]  [0.3396, 0.6326]
1610	:	[68]  ->  [73]  [0.3396, 0.6108]
1611	:	[73]  ->  [62]  [0.3148, 0.5864]
1612	:	[62]  ->  [73]  [0.3148, 0.5597]
1613	:	[73]  ->  [29]  [0.3356, 0.6252]
1614	:	[29]  ->  [73]  [0.3356, 0.6010]
1615	:	[73]  ->  [52]  [0.3540, 0.6595]
1616	:	[52]  ->  [73]  [0.3540, 0.6184]
1617	:	[73]  ->  [49]  [0.3252, 0.6058]
1618	:	[49]  ->  [73]  [0.3252, 0.5534]
1619	:	[73]  ->  [45]  [0.3596, 0.6699]
1620	:	[45]  ->  [73]  [0.3596, 0.6221]
1621	:	[73]  ->  [51]  [0.3260, 0.6073]
1622	:	[51]  ->  [73]  [0.3260, 0.5598]
1623	:	[73]  ->  [67]  [0.3488, 0.6498]
1624	:	[67]  ->  [73]  [0.3488, 0.5637]
1625	:	[73]  ->  [75]  [0.3140, 0.5849]
1626	:	[75]  ->  [73]  [0.3140, 0.4931]
1627	:	[73]  ->  [76]  [0.3644, 0.6788]
1628	:	[76]  ->  [73]  [0.3644, 0.6201]
1629	:	[73]  ->  [71]  [0.3548, 0.6610]
1630	:	[71]  ->  [73]  [0.3548, 0.5898]
1631	:	[10]  ->  [68]  [0.3552, 0.6662]
1632	:	[68]  ->  [10]  [0.3552, 0.6388]
1633	:	[10]  ->  [62]  [0.3272, 0.6137]
1634	:	[62]  ->  [10]  [0.3272, 0.5818]
1635	:	[10]  ->  [29]  [0.3344, 0.6272]
1636	:	[29]  ->  [10]  [0.3344, 0.5989]
1637	:	[10]  ->  [52]  [0.3420, 0.6414]
1638	:	[52]  ->  [10]  [0.3420, 0.5975]
1639	:	[10]  ->  [49]  [0.3228, 0.6054]
1640	:	[49]  ->  [10]  [0.3228, 0.5494]
1641	:	[10]  ->  [45]  [0.3704, 0.6947]
1642	:	[45]  ->  [10]  [0.3704, 0.6408]
1643	:	[10]  ->  [45, 71]  [0.3036, 0.5694]
1644	:	[45, 71]  ->  [10]  [0.3036, 0.7291]
1645	:	[45]  ->  [10, 71]  [0.3036, 0.5253]
1646	:	[10, 71]  ->  [45]  [0.3036, 0.7882]
1647	:	[10, 45]  ->  [71]  [0.3036, 0.8197]
1648	:	[71]  ->  [10, 45]  [0.3036, 0.5047]
1649	:	[10]  ->  [51]  [0.3452, 0.6474]
1650	:	[51]  ->  [10]  [0.3452, 0.5927]
1651	:	[10]  ->  [67]  [0.3612, 0.6774]
1652	:	[67]  ->  [10]  [0.3612, 0.5837]
1653	:	[10]  ->  [75]  [0.3688, 0.6917]
1654	:	[75]  ->  [10]  [0.3688, 0.5791]
1655	:	[10]  ->  [76]  [0.3512, 0.6587]
1656	:	[76]  ->  [10]  [0.3512, 0.5977]
1657	:	[10]  ->  [71]  [0.3852, 0.7224]
1658	:	[71]  ->  [10]  [0.3852, 0.6403]
1659	:	[68]  ->  [62]  [0.3284, 0.5906]
1660	:	[62]  ->  [68]  [0.3284, 0.5839]
1661	:	[68]  ->  [29]  [0.3388, 0.6094]
1662	:	[29]  ->  [68]  [0.3388, 0.6067]
1663	:	[68]  ->  [52]  [0.3488, 0.6273]
1664	:	[52]  ->  [68]  [0.3488, 0.6094]
1665	:	[68]  ->  [49]  [0.3432, 0.6173]
1666	:	[49]  ->  [68]  [0.3432, 0.5841]
1667	:	[68]  ->  [45]  [0.3416, 0.6144]
1668	:	[45]  ->  [68]  [0.3416, 0.5910]
1669	:	[68]  ->  [51]  [0.3352, 0.6029]
1670	:	[51]  ->  [68]  [0.3352, 0.5755]
1671	:	[68]  ->  [67]  [0.3636, 0.6540]
1672	:	[67]  ->  [68]  [0.3636, 0.5876]
1673	:	[68]  ->  [75]  [0.3552, 0.6388]
1674	:	[75]  ->  [68]  [0.3552, 0.5578]
1675	:	[68]  ->  [76]  [0.3564, 0.6410]
1676	:	[76]  ->  [68]  [0.3564, 0.6065]
1677	:	[68]  ->  [71]  [0.3872, 0.6964]
1678	:	[71]  ->  [68]  [0.3872, 0.6436]
1679	:	[62]  ->  [29]  [0.3576, 0.6358]
1680	:	[29]  ->  [62]  [0.3576, 0.6404]
1681	:	[62]  ->  [52]  [0.3896, 0.6927]
1682	:	[52]  ->  [62]  [0.3896, 0.6806]
1683	:	[62]  ->  [49]  [0.3580, 0.6366]
1684	:	[49]  ->  [62]  [0.3580, 0.6093]
1685	:	[62]  ->  [45]  [0.3460, 0.6152]
1686	:	[45]  ->  [62]  [0.3460, 0.5986]
1687	:	[62]  ->  [51]  [0.3624, 0.6444]
1688	:	[51]  ->  [62]  [0.3624, 0.6223]
1689	:	[62]  ->  [67]  [0.3468, 0.6166]
1690	:	[67]  ->  [62]  [0.3468, 0.5604]
1691	:	[62]  ->  [75]  [0.3760, 0.6686]
1692	:	[75]  ->  [62]  [0.3760, 0.5905]
1693	:	[62]  ->  [75, 76]  [0.3084, 0.5484]
1694	:	[75, 76]  ->  [62]  [0.3084, 0.7500]
1695	:	[75]  ->  [62, 76]  [0.3084, 0.4843]
1696	:	[62, 76]  ->  [75]  [0.3084, 0.8023]
1697	:	[62, 75]  ->  [76]  [0.3084, 0.8202]
1698	:	[76]  ->  [62, 75]  [0.3084, 0.5248]
1699	:	[62]  ->  [76]  [0.3844, 0.6835]
1700	:	[76]  ->  [62]  [0.3844, 0.6542]
1701	:	[62]  ->  [71]  [0.3684, 0.6550]
1702	:	[71]  ->  [62]  [0.3684, 0.6124]
1703	:	[29]  ->  [52]  [0.3592, 0.6433]
1704	:	[52]  ->  [29]  [0.3592, 0.6275]
1705	:	[29]  ->  [49]  [0.3612, 0.6468]
1706	:	[49]  ->  [29]  [0.3612, 0.6147]
1707	:	[29]  ->  [45]  [0.3908, 0.6999]
1708	:	[45]  ->  [29]  [0.3908, 0.6761]
1709	:	[29]  ->  [45, 76]  [0.3092, 0.5537]
1710	:	[45, 76]  ->  [29]  [0.3092, 0.7404]
1711	:	[45]  ->  [29, 76]  [0.3092, 0.5349]
1712	:	[29, 76]  ->  [45]  [0.3092, 0.7872]
1713	:	[29, 45]  ->  [76]  [0.3092, 0.7912]
1714	:	[76]  ->  [29, 45]  [0.3092, 0.5262]
1715	:	[29]  ->  [51]  [0.3828, 0.6855]
1716	:	[51]  ->  [29]  [0.3828, 0.6573]
1717	:	[29]  ->  [51, 76]  [0.3020, 0.5408]
1718	:	[51, 76]  ->  [29]  [0.3020, 0.7274]
1719	:	[51]  ->  [29, 76]  [0.3020, 0.5185]
1720	:	[29, 76]  ->  [51]  [0.3020, 0.7688]
1721	:	[29, 51]  ->  [76]  [0.3020, 0.7889]
1722	:	[76]  ->  [29, 51]  [0.3020, 0.5140]
1723	:	[29]  ->  [67]  [0.3608, 0.6461]
1724	:	[67]  ->  [29]  [0.3608, 0.5831]
1725	:	[29]  ->  [75]  [0.3496, 0.6261]
1726	:	[75]  ->  [29]  [0.3496, 0.5490]
1727	:	[29]  ->  [76]  [0.3928, 0.7034]
1728	:	[76]  ->  [29]  [0.3928, 0.6685]
1729	:	[29]  ->  [71]  [0.3840, 0.6877]
1730	:	[71]  ->  [29]  [0.3840, 0.6383]
1731	:	[52]  ->  [49]  [0.3780, 0.6604]
1732	:	[49]  ->  [52]  [0.3780, 0.6433]
1733	:	[52]  ->  [45]  [0.3620, 0.6324]
1734	:	[45]  ->  [52]  [0.3620, 0.6263]
1735	:	[52]  ->  [51]  [0.3624, 0.6331]
1736	:	[51]  ->  [52]  [0.3624, 0.6223]
1737	:	[52]  ->  [67]  [0.3632, 0.6345]
1738	:	[67]  ->  [52]  [0.3632, 0.5869]
1739	:	[52]  ->  [75]  [0.3680, 0.6429]
1740	:	[75]  ->  [52]  [0.3680, 0.5779]
1741	:	[52]  ->  [76]  [0.3872, 0.6765]
1742	:	[76]  ->  [52]  [0.3872, 0.6590]
1743	:	[52]  ->  [71]  [0.3876, 0.6771]
1744	:	[71]  ->  [52]  [0.3876, 0.6443]
1745	:	[49]  ->  [45]  [0.3756, 0.6392]
1746	:	[45]  ->  [49]  [0.3756, 0.6498]
1747	:	[49]  ->  [51]  [0.4012, 0.6828]
1748	:	[51]  ->  [49]  [0.4012, 0.6889]
1749	:	[49]  ->  [51, 67]  [0.3064, 0.5214]
1750	:	[51, 67]  ->  [49]  [0.3064, 0.8021]
1751	:	[51]  ->  [49, 67]  [0.3064, 0.5261]
1752	:	[49, 67]  ->  [51]  [0.3064, 0.7856]
1753	:	[49, 51]  ->  [67]  [0.3064, 0.7637]
1754	:	[67]  ->  [49, 51]  [0.3064, 0.4952]
1755	:	[49]  ->  [51, 76]  [0.3020, 0.5140]
1756	:	[51, 76]  ->  [49]  [0.3020, 0.7274]
1757	:	[51]  ->  [49, 76]  [0.3020, 0.5185]
1758	:	[49, 76]  ->  [51]  [0.3020, 0.8224]
1759	:	[49, 51]  ->  [76]  [0.3020, 0.7527]
1760	:	[76]  ->  [49, 51]  [0.3020, 0.5140]
1761	:	[49]  ->  [67]  [0.3900, 0.6637]
1762	:	[67]  ->  [49]  [0.3900, 0.6303]
1763	:	[49]  ->  [67, 71]  [0.3040, 0.5174]
1764	:	[67, 71]  ->  [49]  [0.3040, 0.7123]
1765	:	[67]  ->  [49, 71]  [0.3040, 0.4913]
1766	:	[49, 71]  ->  [67]  [0.3040, 0.7983]
1767	:	[49, 67]  ->  [71]  [0.3040, 0.7795]
1768	:	[71]  ->  [49, 67]  [0.3040, 0.5053]
1769	:	[49]  ->  [75]  [0.3556, 0.6052]
1770	:	[75]  ->  [49]  [0.3556, 0.5584]
1771	:	[49]  ->  [76]  [0.3672, 0.6249]
1772	:	[76]  ->  [49]  [0.3672, 0.6249]
1773	:	[49]  ->  [71]  [0.3808, 0.6481]
1774	:	[71]  ->  [49]  [0.3808, 0.6330]
1775	:	[45]  ->  [51]  [0.3700, 0.6401]
1776	:	[51]  ->  [45]  [0.3700, 0.6353]
1777	:	[45]  ->  [51, 76]  [0.3028, 0.5239]
1778	:	[51, 76]  ->  [45]  [0.3028, 0.7293]
1779	:	[51]  ->  [45, 76]  [0.3028, 0.5199]
1780	:	[45, 76]  ->  [51]  [0.3028, 0.7251]
1781	:	[45, 51]  ->  [76]  [0.3028, 0.8184]
1782	:	[76]  ->  [45, 51]  [0.3028, 0.5153]
1783	:	[45]  ->  [67]  [0.3736, 0.6464]
1784	:	[67]  ->  [45]  [0.3736, 0.6037]
1785	:	[45]  ->  [67, 71]  [0.3024, 0.5232]
1786	:	[67, 71]  ->  [45]  [0.3024, 0.7085]
1787	:	[67]  ->  [45, 71]  [0.3024, 0.4887]
1788	:	[45, 71]  ->  [67]  [0.3024, 0.7262]
1789	:	[45, 67]  ->  [71]  [0.3024, 0.8094]
1790	:	[71]  ->  [45, 67]  [0.3024, 0.5027]
1791	:	[45]  ->  [75]  [0.4120, 0.7128]
1792	:	[75]  ->  [45]  [0.4120, 0.6470]
1793	:	[45]  ->  [75, 76]  [0.3156, 0.5460]
1794	:	[75, 76]  ->  [45]  [0.3156, 0.7675]
1795	:	[75]  ->  [45, 76]  [0.3156, 0.4956]
1796	:	[45, 76]  ->  [75]  [0.3156, 0.7557]
1797	:	[45, 75]  ->  [76]  [0.3156, 0.7660]
1798	:	[76]  ->  [45, 75]  [0.3156, 0.5371]
1799	:	[45]  ->  [75, 71]  [0.3052, 0.5280]
1800	:	[75, 71]  ->  [45]  [0.3052, 0.7778]
1801	:	[75]  ->  [45, 71]  [0.3052, 0.4793]
1802	:	[45, 71]  ->  [75]  [0.3052, 0.7329]
1803	:	[45, 75]  ->  [71]  [0.3052, 0.7408]
1804	:	[71]  ->  [45, 75]  [0.3052, 0.5073]
1805	:	[45]  ->  [76]  [0.4176, 0.7225]
1806	:	[76]  ->  [45]  [0.4176, 0.7107]
1807	:	[45]  ->  [76, 71]  [0.3260, 0.5640]
1808	:	[76, 71]  ->  [45]  [0.3260, 0.7890]
1809	:	[76]  ->  [45, 71]  [0.3260, 0.5548]
1810	:	[45, 71]  ->  [76]  [0.3260, 0.7829]
1811	:	[45, 76]  ->  [71]  [0.3260, 0.7807]
1812	:	[71]  ->  [45, 76]  [0.3260, 0.5419]
1813	:	[45]  ->  [71]  [0.4164, 0.7204]
1814	:	[71]  ->  [45]  [0.4164, 0.6922]
1815	:	[51]  ->  [67]  [0.3820, 0.6559]
1816	:	[67]  ->  [51]  [0.3820, 0.6173]
1817	:	[51]  ->  [67, 71]  [0.3016, 0.5179]
1818	:	[67, 71]  ->  [51]  [0.3016, 0.7067]
1819	:	[67]  ->  [51, 71]  [0.3016, 0.4874]
1820	:	[51, 71]  ->  [67]  [0.3016, 0.7757]
1821	:	[51, 67]  ->  [71]  [0.3016, 0.7895]
1822	:	[71]  ->  [51, 67]  [0.3016, 0.5013]
1823	:	[51]  ->  [75]  [0.3720, 0.6387]
1824	:	[75]  ->  [51]  [0.3720, 0.5842]
1825	:	[51]  ->  [75, 76]  [0.3080, 0.5288]
1826	:	[75, 76]  ->  [51]  [0.3080, 0.7490]
1827	:	[75]  ->  [51, 76]  [0.3080, 0.4837]
1828	:	[51, 76]  ->  [75]  [0.3080, 0.7418]
1829	:	[51, 75]  ->  [76]  [0.3080, 0.8280]
1830	:	[76]  ->  [51, 75]  [0.3080, 0.5242]
1831	:	[51]  ->  [76]  [0.4152, 0.7129]
1832	:	[76]  ->  [51]  [0.4152, 0.7066]
1833	:	[51]  ->  [76, 71]  [0.3012, 0.5172]
1834	:	[76, 71]  ->  [51]  [0.3012, 0.7289]
1835	:	[76]  ->  [51, 71]  [0.3012, 0.5126]
1836	:	[51, 71]  ->  [76]  [0.3012, 0.7747]
1837	:	[51, 76]  ->  [71]  [0.3012, 0.7254]
1838	:	[71]  ->  [51, 76]  [0.3012, 0.5007]
1839	:	[51]  ->  [71]  [0.3888, 0.6676]
1840	:	[71]  ->  [51]  [0.3888, 0.6463]
1841	:	[67]  ->  [75]  [0.3548, 0.5734]
1842	:	[75]  ->  [67]  [0.3548, 0.5572]
1843	:	[67]  ->  [76]  [0.3648, 0.5895]
1844	:	[76]  ->  [67]  [0.3648, 0.6208]
1845	:	[67]  ->  [71]  [0.4268, 0.6897]
1846	:	[71]  ->  [67]  [0.4268, 0.7094]
1847	:	[75]  ->  [76]  [0.4112, 0.6457]
1848	:	[76]  ->  [75]  [0.4112, 0.6998]
1849	:	[75]  ->  [76, 71]  [0.3036, 0.4768]
1850	:	[76, 71]  ->  [75]  [0.3036, 0.7348]
1851	:	[76]  ->  [75, 71]  [0.3036, 0.5167]
1852	:	[75, 71]  ->  [76]  [0.3036, 0.7737]
1853	:	[75, 76]  ->  [71]  [0.3036, 0.7383]
1854	:	[71]  ->  [75, 76]  [0.3036, 0.5047]
1855	:	[75]  ->  [71]  [0.3924, 0.6162]
1856	:	[71]  ->  [75]  [0.3924, 0.6523]
1857	:	[76]  ->  [71]  [0.4132, 0.7032]
1858	:	[71]  ->  [76]  [0.4132, 0.6868]
