No	:	[A]	->	[B]	[s, c]
-----------------------------------------------------------------------------
1	:	[14]  ->  [75]  [0.3008, 0.7941]
2	:	[66]  ->  [78]  [0.3008, 0.7650]
3	:	[59]  ->  [29]  [0.3116, 0.7829]
4	:	[61]  ->  [76]  [0.3220, 0.8050]
5	:	[97]  ->  [91]  [0.3012, 0.7304]
6	:	[97]  ->  [51]  [0.3072, 0.7449]
7	:	[97]  ->  [71]  [0.3128, 0.7585]
8	:	[2]  ->  [71]  [0.3180, 0.7696]
9	:	[54]  ->  [45]  [0.3076, 0.7401]
10	:	[82]  ->  [84]  [0.3072, 0.7191]
11	:	[82]  ->  [75]  [0.3252, 0.7612]
12	:	[82]  ->  [76]  [0.3048, 0.7135]
13	:	[74]  ->  [73]  [0.3296, 0.7518]
14	:	[24]  ->  [45]  [0.3224, 0.7152]
15	:	[24]  ->  [71]  [0.3380, 0.7498]
16	:	[63]  ->  [56]  [0.3044, 0.7086]
17	:	[25]  ->  [33]  [0.3256, 0.7468]
18	:	[25]  ->  [84]  [0.3108, 0.7128]
19	:	[25]  ->  [62]  [0.3184, 0.7303]
20	:	[25]  ->  [51]  [0.3148, 0.7220]
21	:	[44]  ->  [10]  [0.3408, 0.7717]
22	:	[44]  ->  [71]  [0.3312, 0.7500]
23	:	[17]  ->  [62]  [0.3156, 0.7127]
24	:	[17]  ->  [52]  [0.3312, 0.7480]
25	:	[17]  ->  [49]  [0.3340, 0.7543]
26	:	[77]  ->  [60]  [0.3288, 0.7432]
27	:	[77]  ->  [73]  [0.3112, 0.7034]
28	:	[77]  ->  [67]  [0.3164, 0.7152]
29	:	[77]  ->  [76]  [0.3132, 0.7080]
30	:	[77]  ->  [71]  [0.3244, 0.7333]
31	:	[1]  ->  [68]  [0.3120, 0.7008]
32	:	[1]  ->  [49]  [0.3240, 0.7278]
33	:	[1]  ->  [71]  [0.3176, 0.7134]
34	:	[9]  ->  [62]  [0.3248, 0.7205]
35	:	[9]  ->  [45]  [0.3228, 0.7161]
36	:	[9]  ->  [76]  [0.3172, 0.7036]
37	:	[9]  ->  [71]  [0.3284, 0.7285]
38	:	[69]  ->  [67]  [0.3204, 0.7101]
39	:	[69]  ->  [76]  [0.3360, 0.7447]
40	:	[65]  ->  [52]  [0.3376, 0.7430]
41	:	[65]  ->  [71]  [0.3452, 0.7597]
42	:	[21]  ->  [67]  [0.3284, 0.7102]
43	:	[86]  ->  [76]  [0.3324, 0.7283]
44	:	[86]  ->  [71]  [0.3312, 0.7257]
45	:	[99]  ->  [45]  [0.3244, 0.7003]
46	:	[99]  ->  [51]  [0.3284, 0.7090]
47	:	[99]  ->  [67]  [0.3248, 0.7012]
48	:	[99]  ->  [71]  [0.3244, 0.7003]
49	:	[34]  ->  [67]  [0.3284, 0.7065]
50	:	[80]  ->  [67]  [0.3300, 0.7063]
51	:	[80]  ->  [71]  [0.3320, 0.7106]
52	:	[3]  ->  [35]  [0.3340, 0.7125]
53	:	[3]  ->  [84]  [0.3404, 0.7261]
54	:	[3]  ->  [29]  [0.3496, 0.7457]
55	:	[3]  ->  [49]  [0.3392, 0.7235]
56	:	[3]  ->  [51]  [0.3436, 0.7329]
57	:	[3]  ->  [76]  [0.3332, 0.7108]
58	:	[3]  ->  [71]  [0.3296, 0.7031]
59	:	[56]  ->  [37]  [0.3320, 0.7052]
60	:	[27]  ->  [76]  [0.3400, 0.7222]
61	:	[83]  ->  [51]  [0.3456, 0.7261]
62	:	[18]  ->  [5]  [0.3340, 0.7076]
63	:	[18]  ->  [67]  [0.3440, 0.7288]
64	:	[58]  ->  [45]  [0.3452, 0.7295]
65	:	[58]  ->  [75]  [0.3456, 0.7303]
66	:	[58]  ->  [71]  [0.3456, 0.7303]
67	:	[88]  ->  [31]  [0.3324, 0.7007]
68	:	[88]  ->  [45]  [0.3404, 0.7175]
69	:	[88]  ->  [76]  [0.3444, 0.7260]
70	:	[88]  ->  [71]  [0.3492, 0.7361]
71	:	[15]  ->  [71]  [0.3656, 0.7655]
72	:	[8]  ->  [10]  [0.3372, 0.7048]
73	:	[8]  ->  [75]  [0.3424, 0.7157]
74	:	[8]  ->  [76]  [0.3392, 0.7090]
75	:	[8]  ->  [71]  [0.3356, 0.7015]
76	:	[50]  ->  [43]  [0.3376, 0.7004]
77	:	[20]  ->  [45]  [0.3372, 0.7031]
78	:	[43]  ->  [68]  [0.3392, 0.7020]
79	:	[43]  ->  [75]  [0.3516, 0.7276]
80	:	[43]  ->  [76]  [0.3476, 0.7194]
81	:	[43]  ->  [71]  [0.3388, 0.7012]
82	:	[30]  ->  [45]  [0.3512, 0.7226]
83	:	[30]  ->  [76]  [0.3528, 0.7259]
84	:	[26]  ->  [33]  [0.3408, 0.7007]
85	:	[26]  ->  [62]  [0.3472, 0.7138]
86	:	[26]  ->  [71]  [0.3472, 0.7138]
87	:	[42]  ->  [67]  [0.3468, 0.7124]
88	:	[42]  ->  [71]  [0.3460, 0.7108]
89	:	[11]  ->  [4]  [0.3460, 0.7084]
90	:	[93]  ->  [52]  [0.3492, 0.7109]
91	:	[93]  ->  [71]  [0.3452, 0.7028]
92	:	[100]  ->  [49]  [0.3540, 0.7172]
93	:	[100]  ->  [51]  [0.3492, 0.7075]
94	:	[100]  ->  [67]  [0.3768, 0.7634]
95	:	[67, 71]  ->  [100]  [0.3068, 0.7188]
96	:	[100, 71]  ->  [67]  [0.3068, 0.8319]
97	:	[100, 67]  ->  [71]  [0.3068, 0.8142]
98	:	[100]  ->  [71]  [0.3688, 0.7472]
99	:	[19]  ->  [71]  [0.3504, 0.7053]
100	:	[32]  ->  [75]  [0.3540, 0.7120]
101	:	[78]  ->  [76]  [0.3500, 0.7017]
102	:	[78]  ->  [71]  [0.3556, 0.7129]
103	:	[36]  ->  [52]  [0.3592, 0.7196]
104	:	[36]  ->  [45]  [0.3508, 0.7027]
105	:	[36]  ->  [67]  [0.3660, 0.7332]
106	:	[36]  ->  [71]  [0.3656, 0.7324]
107	:	[96]  ->  [45]  [0.3552, 0.7081]
108	:	[96]  ->  [71]  [0.3580, 0.7137]
109	:	[89]  ->  [49]  [0.3600, 0.7115]
110	:	[89]  ->  [45]  [0.3724, 0.7360]
111	:	[89]  ->  [71]  [0.3636, 0.7186]
112	:	[35]  ->  [84]  [0.3736, 0.7285]
113	:	[84]  ->  [35]  [0.3736, 0.7190]
114	:	[35]  ->  [71]  [0.3680, 0.7176]
115	:	[84]  ->  [71]  [0.3664, 0.7052]
116	:	[60]  ->  [51]  [0.3680, 0.7077]
117	:	[60]  ->  [71]  [0.3876, 0.7454]
118	:	[5]  ->  [45]  [0.3676, 0.7005]
119	:	[5]  ->  [71]  [0.3720, 0.7088]
120	:	[31]  ->  [76]  [0.3740, 0.7105]
121	:	[76, 71]  ->  [31]  [0.3000, 0.7260]
122	:	[31, 71]  ->  [76]  [0.3000, 0.7821]
123	:	[31, 76]  ->  [71]  [0.3000, 0.8021]
124	:	[31]  ->  [71]  [0.3836, 0.7287]
125	:	[91]  ->  [29]  [0.3688, 0.7033]
126	:	[91]  ->  [49]  [0.3732, 0.7117]
127	:	[91]  ->  [71]  [0.3732, 0.7117]
128	:	[4]  ->  [75]  [0.3676, 0.7010]
129	:	[37]  ->  [67]  [0.3740, 0.7094]
130	:	[67, 71]  ->  [37]  [0.3144, 0.7366]
131	:	[37, 71]  ->  [67]  [0.3144, 0.7836]
132	:	[37, 67]  ->  [71]  [0.3144, 0.8406]
133	:	[37]  ->  [71]  [0.4012, 0.7610]
134	:	[45, 71]  ->  [10]  [0.3036, 0.7291]
135	:	[10, 71]  ->  [45]  [0.3036, 0.7882]
136	:	[10, 45]  ->  [71]  [0.3036, 0.8197]
137	:	[10]  ->  [71]  [0.3852, 0.7224]
138	:	[75, 76]  ->  [62]  [0.3084, 0.7500]
139	:	[62, 76]  ->  [75]  [0.3084, 0.8023]
140	:	[62, 75]  ->  [76]  [0.3084, 0.8202]
141	:	[45, 76]  ->  [29]  [0.3092, 0.7404]
142	:	[29, 76]  ->  [45]  [0.3092, 0.7872]
143	:	[29, 45]  ->  [76]  [0.3092, 0.7912]
144	:	[51, 76]  ->  [29]  [0.3020, 0.7274]
145	:	[29, 76]  ->  [51]  [0.3020, 0.7688]
146	:	[29, 51]  ->  [76]  [0.3020, 0.7889]
147	:	[29]  ->  [76]  [0.3928, 0.7034]
148	:	[51, 67]  ->  [49]  [0.3064, 0.8021]
149	:	[49, 67]  ->  [51]  [0.3064, 0.7856]
150	:	[49, 51]  ->  [67]  [0.3064, 0.7637]
151	:	[51, 76]  ->  [49]  [0.3020, 0.7274]
152	:	[49, 76]  ->  [51]  [0.3020, 0.8224]
153	:	[49, 51]  ->  [76]  [0.3020, 0.7527]
154	:	[67, 71]  ->  [49]  [0.3040, 0.7123]
155	:	[49, 71]  ->  [67]  [0.3040, 0.7983]
156	:	[49, 67]  ->  [71]  [0.3040, 0.7795]
157	:	[51, 76]  ->  [45]  [0.3028, 0.7293]
158	:	[45, 76]  ->  [51]  [0.3028, 0.7251]
159	:	[45, 51]  ->  [76]  [0.3028, 0.8184]
160	:	[67, 71]  ->  [45]  [0.3024, 0.7085]
161	:	[45, 71]  ->  [67]  [0.3024, 0.7262]
162	:	[45, 67]  ->  [71]  [0.3024, 0.8094]
163	:	[45]  ->  [75]  [0.4120, 0.7128]
164	:	[75, 76]  ->  [45]  [0.3156, 0.7675]
165	:	[45, 76]  ->  [75]  [0.3156, 0.7557]
166	:	[45, 75]  ->  [76]  [0.3156, 0.7660]
167	:	[75, 71]  ->  [45]  [0.3052, 0.7778]
168	:	[45, 71]  ->  [75]  [0.3052, 0.7329]
169	:	[45, 75]  ->  [71]  [0.3052, 0.7408]
170	:	[45]  ->  [76]  [0.4176, 0.7225]
171	:	[76]  ->  [45]  [0.4176, 0.7107]
172	:	[76, 71]  ->  [45]  [0.3260, 0.7890]
173	:	[45, 71]  ->  [76]  [0.3260, 0.7829]
174	:	[45, 76]  ->  [71]  [0.3260, 0.7807]
175	:	[45]  ->  [71]  [0.4164, 0.7204]
176	:	[67, 71]  ->  [51]  [0.3016, 0.7067]
177	:	[51, 71]  ->  [67]  [0.3016, 0.7757]
178	:	[51, 67]  ->  [71]  [0.3016, 0.7895]
179	:	[75, 76]  ->  [51]  [0.3080, 0.7490]
180	:	[51, 76]  ->  [75]  [0.3080, 0.7418]
181	:	[51, 75]  ->  [76]  [0.3080, 0.8280]
182	:	[51]  ->  [76]  [0.4152, 0.7129]
183	:	[76]  ->  [51]  [0.4152, 0.7066]
184	:	[76, 71]  ->  [51]  [0.3012, 0.7289]
185	:	[51, 71]  ->  [76]  [0.3012, 0.7747]
186	:	[51, 76]  ->  [71]  [0.3012, 0.7254]
187	:	[71]  ->  [67]  [0.4268, 0.7094]
188	:	[76, 71]  ->  [75]  [0.3036, 0.7348]
189	:	[75, 71]  ->  [76]  [0.3036, 0.7737]
190	:	[75, 76]  ->  [71]  [0.3036, 0.7383]
191	:	[76]  ->  [71]  [0.4132, 0.7032]
