No	:	[A]	->	[B]	[s, c]
-----------------------------------------------------------------------------
1	:	[14]  ->  [75]  [0.3008, 0.7941]
2	:	[66]  ->  [78]  [0.3008, 0.7650]
3	:	[59]  ->  [29]  [0.3116, 0.7829]
4	:	[61]  ->  [76]  [0.3220, 0.8050]
5	:	[97]  ->  [71]  [0.3128, 0.7585]
6	:	[2]  ->  [71]  [0.3180, 0.7696]
7	:	[82]  ->  [75]  [0.3252, 0.7612]
8	:	[74]  ->  [73]  [0.3296, 0.7518]
9	:	[44]  ->  [10]  [0.3408, 0.7717]
10	:	[44]  ->  [71]  [0.3312, 0.7500]
11	:	[17]  ->  [49]  [0.3340, 0.7543]
12	:	[65]  ->  [71]  [0.3452, 0.7597]
13	:	[15]  ->  [71]  [0.3656, 0.7655]
14	:	[100]  ->  [67]  [0.3768, 0.7634]
15	:	[100, 71]  ->  [67]  [0.3068, 0.8319]
16	:	[100, 67]  ->  [71]  [0.3068, 0.8142]
17	:	[31, 71]  ->  [76]  [0.3000, 0.7821]
18	:	[31, 76]  ->  [71]  [0.3000, 0.8021]
19	:	[37, 71]  ->  [67]  [0.3144, 0.7836]
20	:	[37, 67]  ->  [71]  [0.3144, 0.8406]
21	:	[37]  ->  [71]  [0.4012, 0.7610]
22	:	[10, 71]  ->  [45]  [0.3036, 0.7882]
23	:	[10, 45]  ->  [71]  [0.3036, 0.8197]
24	:	[75, 76]  ->  [62]  [0.3084, 0.7500]
25	:	[62, 76]  ->  [75]  [0.3084, 0.8023]
26	:	[62, 75]  ->  [76]  [0.3084, 0.8202]
27	:	[29, 76]  ->  [45]  [0.3092, 0.7872]
28	:	[29, 45]  ->  [76]  [0.3092, 0.7912]
29	:	[29, 76]  ->  [51]  [0.3020, 0.7688]
30	:	[29, 51]  ->  [76]  [0.3020, 0.7889]
31	:	[51, 67]  ->  [49]  [0.3064, 0.8021]
32	:	[49, 67]  ->  [51]  [0.3064, 0.7856]
33	:	[49, 51]  ->  [67]  [0.3064, 0.7637]
34	:	[49, 76]  ->  [51]  [0.3020, 0.8224]
35	:	[49, 51]  ->  [76]  [0.3020, 0.7527]
36	:	[49, 71]  ->  [67]  [0.3040, 0.7983]
37	:	[49, 67]  ->  [71]  [0.3040, 0.7795]
38	:	[45, 51]  ->  [76]  [0.3028, 0.8184]
39	:	[45, 67]  ->  [71]  [0.3024, 0.8094]
40	:	[75, 76]  ->  [45]  [0.3156, 0.7675]
41	:	[45, 76]  ->  [75]  [0.3156, 0.7557]
42	:	[45, 75]  ->  [76]  [0.3156, 0.7660]
43	:	[75, 71]  ->  [45]  [0.3052, 0.7778]
44	:	[76, 71]  ->  [45]  [0.3260, 0.7890]
45	:	[45, 71]  ->  [76]  [0.3260, 0.7829]
46	:	[45, 76]  ->  [71]  [0.3260, 0.7807]
47	:	[51, 71]  ->  [67]  [0.3016, 0.7757]
48	:	[51, 67]  ->  [71]  [0.3016, 0.7895]
49	:	[51, 75]  ->  [76]  [0.3080, 0.8280]
50	:	[51, 71]  ->  [76]  [0.3012, 0.7747]
51	:	[75, 71]  ->  [76]  [0.3036, 0.7737]
