No	:	[A]	->	[B]	[s, c]
-----------------------------------------------------------------------------
1	:	[14]  ->  [75]  [0.3008, 0.7941]
2	:	[66]  ->  [78]  [0.3008, 0.7650]
3	:	[78]  ->  [66]  [0.3008, 0.6030]
4	:	[59]  ->  [29]  [0.3116, 0.7829]
5	:	[29]  ->  [59]  [0.3116, 0.5580]
6	:	[61]  ->  [76]  [0.3220, 0.8050]
7	:	[76]  ->  [61]  [0.3220, 0.5480]
8	:	[97]  ->  [91]  [0.3012, 0.7304]
9	:	[91]  ->  [97]  [0.3012, 0.5744]
10	:	[97]  ->  [51]  [0.3072, 0.7449]
11	:	[51]  ->  [97]  [0.3072, 0.5275]
12	:	[97]  ->  [71]  [0.3128, 0.7585]
13	:	[71]  ->  [97]  [0.3128, 0.5199]
14	:	[2]  ->  [71]  [0.3180, 0.7696]
15	:	[71]  ->  [2]  [0.3180, 0.5286]
16	:	[54]  ->  [45]  [0.3076, 0.7401]
17	:	[45]  ->  [54]  [0.3076, 0.5322]
18	:	[82]  ->  [84]  [0.3072, 0.7191]
19	:	[84]  ->  [82]  [0.3072, 0.5912]
20	:	[82]  ->  [75]  [0.3252, 0.7612]
21	:	[75]  ->  [82]  [0.3252, 0.5107]
22	:	[82]  ->  [76]  [0.3048, 0.7135]
23	:	[76]  ->  [82]  [0.3048, 0.5187]
24	:	[74]  ->  [73]  [0.3296, 0.7518]
25	:	[73]  ->  [74]  [0.3296, 0.6140]
26	:	[74]  ->  [29]  [0.3028, 0.6907]
27	:	[29]  ->  [74]  [0.3028, 0.5423]
28	:	[74]  ->  [45]  [0.3032, 0.6916]
29	:	[45]  ->  [74]  [0.3032, 0.5246]
30	:	[24]  ->  [45]  [0.3224, 0.7152]
31	:	[45]  ->  [24]  [0.3224, 0.5578]
32	:	[24]  ->  [76]  [0.3048, 0.6761]
33	:	[76]  ->  [24]  [0.3048, 0.5187]
34	:	[24]  ->  [71]  [0.3380, 0.7498]
35	:	[71]  ->  [24]  [0.3380, 0.5618]
36	:	[72]  ->  [4]  [0.3028, 0.6606]
37	:	[4]  ->  [72]  [0.3028, 0.5774]
38	:	[72]  ->  [68]  [0.3136, 0.6841]
39	:	[68]  ->  [72]  [0.3136, 0.5640]
40	:	[72]  ->  [75]  [0.3008, 0.6562]
41	:	[63]  ->  [56]  [0.3044, 0.7086]
42	:	[56]  ->  [63]  [0.3044, 0.6466]
43	:	[79]  ->  [4]  [0.3008, 0.6744]
44	:	[4]  ->  [79]  [0.3008, 0.5736]
45	:	[79]  ->  [62]  [0.3016, 0.6762]
46	:	[62]  ->  [79]  [0.3016, 0.5363]
47	:	[79]  ->  [52]  [0.3100, 0.6951]
48	:	[52]  ->  [79]  [0.3100, 0.5416]
49	:	[79]  ->  [49]  [0.3048, 0.6834]
50	:	[49]  ->  [79]  [0.3048, 0.5187]
51	:	[95]  ->  [73]  [0.3004, 0.6922]
52	:	[73]  ->  [95]  [0.3004, 0.5596]
53	:	[25]  ->  [33]  [0.3256, 0.7468]
54	:	[33]  ->  [25]  [0.3256, 0.6430]
55	:	[25]  ->  [84]  [0.3108, 0.7128]
56	:	[84]  ->  [25]  [0.3108, 0.5982]
57	:	[25]  ->  [4]  [0.3052, 0.7000]
58	:	[4]  ->  [25]  [0.3052, 0.5820]
59	:	[25]  ->  [62]  [0.3184, 0.7303]
60	:	[62]  ->  [25]  [0.3184, 0.5661]
61	:	[25]  ->  [51]  [0.3148, 0.7220]
62	:	[51]  ->  [25]  [0.3148, 0.5405]
63	:	[44]  ->  [10]  [0.3408, 0.7717]
64	:	[10]  ->  [44]  [0.3408, 0.6392]
65	:	[44]  ->  [45]  [0.3008, 0.6812]
66	:	[45]  ->  [44]  [0.3008, 0.5204]
67	:	[44]  ->  [51]  [0.3036, 0.6875]
68	:	[51]  ->  [44]  [0.3036, 0.5213]
69	:	[44]  ->  [75]  [0.3032, 0.6866]
70	:	[44]  ->  [76]  [0.3088, 0.6993]
71	:	[76]  ->  [44]  [0.3088, 0.5255]
72	:	[44]  ->  [71]  [0.3312, 0.7500]
73	:	[71]  ->  [44]  [0.3312, 0.5505]
74	:	[17]  ->  [20]  [0.3024, 0.6829]
75	:	[20]  ->  [17]  [0.3024, 0.6305]
76	:	[17]  ->  [62]  [0.3156, 0.7127]
77	:	[62]  ->  [17]  [0.3156, 0.5612]
78	:	[17]  ->  [52]  [0.3312, 0.7480]
79	:	[52]  ->  [17]  [0.3312, 0.5786]
80	:	[17]  ->  [49]  [0.3340, 0.7543]
81	:	[49]  ->  [17]  [0.3340, 0.5684]
82	:	[17]  ->  [71]  [0.3080, 0.6956]
83	:	[71]  ->  [17]  [0.3080, 0.5120]
84	:	[77]  ->  [60]  [0.3288, 0.7432]
85	:	[60]  ->  [77]  [0.3288, 0.6323]
86	:	[77]  ->  [37]  [0.3028, 0.6844]
87	:	[37]  ->  [77]  [0.3028, 0.5744]
88	:	[77]  ->  [73]  [0.3112, 0.7034]
89	:	[73]  ->  [77]  [0.3112, 0.5797]
90	:	[77]  ->  [49]  [0.3016, 0.6817]
91	:	[49]  ->  [77]  [0.3016, 0.5133]
92	:	[77]  ->  [67]  [0.3164, 0.7152]
93	:	[67]  ->  [77]  [0.3164, 0.5113]
94	:	[77]  ->  [76]  [0.3132, 0.7080]
95	:	[76]  ->  [77]  [0.3132, 0.5330]
96	:	[77]  ->  [71]  [0.3244, 0.7333]
97	:	[71]  ->  [77]  [0.3244, 0.5392]
98	:	[1]  ->  [20]  [0.3000, 0.6739]
99	:	[20]  ->  [1]  [0.3000, 0.6255]
100	:	[1]  ->  [5]  [0.3000, 0.6739]
101	:	[5]  ->  [1]  [0.3000, 0.5716]
102	:	[1]  ->  [31]  [0.3076, 0.6909]
103	:	[31]  ->  [1]  [0.3076, 0.5843]
104	:	[1]  ->  [68]  [0.3120, 0.7008]
105	:	[68]  ->  [1]  [0.3120, 0.5612]
106	:	[1]  ->  [52]  [0.3092, 0.6945]
107	:	[52]  ->  [1]  [0.3092, 0.5402]
108	:	[1]  ->  [49]  [0.3240, 0.7278]
109	:	[49]  ->  [1]  [0.3240, 0.5514]
110	:	[1]  ->  [45]  [0.3112, 0.6990]
111	:	[45]  ->  [1]  [0.3112, 0.5384]
112	:	[1]  ->  [67]  [0.3036, 0.6819]
113	:	[1]  ->  [75]  [0.3112, 0.6990]
114	:	[1]  ->  [76]  [0.3012, 0.6765]
115	:	[76]  ->  [1]  [0.3012, 0.5126]
116	:	[1]  ->  [71]  [0.3176, 0.7134]
117	:	[71]  ->  [1]  [0.3176, 0.5279]
118	:	[64]  ->  [60]  [0.3000, 0.6250]
119	:	[60]  ->  [64]  [0.3000, 0.5769]
120	:	[64]  ->  [10]  [0.3016, 0.6283]
121	:	[10]  ->  [64]  [0.3016, 0.5656]
122	:	[64]  ->  [75]  [0.3156, 0.6575]
123	:	[9]  ->  [15]  [0.3128, 0.6939]
124	:	[15]  ->  [9]  [0.3128, 0.6549]
125	:	[9]  ->  [89]  [0.3140, 0.6965]
126	:	[89]  ->  [9]  [0.3140, 0.6206]
127	:	[9]  ->  [4]  [0.3000, 0.6655]
128	:	[4]  ->  [9]  [0.3000, 0.5721]
129	:	[9]  ->  [68]  [0.3064, 0.6797]
130	:	[68]  ->  [9]  [0.3064, 0.5511]
131	:	[9]  ->  [62]  [0.3248, 0.7205]
132	:	[62]  ->  [9]  [0.3248, 0.5775]
133	:	[9]  ->  [49]  [0.3044, 0.6752]
134	:	[49]  ->  [9]  [0.3044, 0.5180]
135	:	[9]  ->  [45]  [0.3228, 0.7161]
136	:	[45]  ->  [9]  [0.3228, 0.5585]
137	:	[9]  ->  [67]  [0.3008, 0.6673]
138	:	[9]  ->  [75]  [0.3096, 0.6868]
139	:	[9]  ->  [76]  [0.3172, 0.7036]
140	:	[76]  ->  [9]  [0.3172, 0.5398]
141	:	[9]  ->  [71]  [0.3284, 0.7285]
142	:	[71]  ->  [9]  [0.3284, 0.5459]
143	:	[69]  ->  [43]  [0.3024, 0.6702]
144	:	[43]  ->  [69]  [0.3024, 0.6258]
145	:	[69]  ->  [100]  [0.3064, 0.6791]
146	:	[100]  ->  [69]  [0.3064, 0.6207]
147	:	[69]  ->  [84]  [0.3032, 0.6720]
148	:	[84]  ->  [69]  [0.3032, 0.5835]
149	:	[69]  ->  [73]  [0.3044, 0.6746]
150	:	[73]  ->  [69]  [0.3044, 0.5671]
151	:	[69]  ->  [51]  [0.3144, 0.6968]
152	:	[51]  ->  [69]  [0.3144, 0.5398]
153	:	[69]  ->  [67]  [0.3204, 0.7101]
154	:	[67]  ->  [69]  [0.3204, 0.5178]
155	:	[69]  ->  [75]  [0.3116, 0.6906]
156	:	[69]  ->  [76]  [0.3360, 0.7447]
157	:	[76]  ->  [69]  [0.3360, 0.5718]
158	:	[69]  ->  [71]  [0.3144, 0.6968]
159	:	[71]  ->  [69]  [0.3144, 0.5226]
160	:	[65]  ->  [73]  [0.3004, 0.6611]
161	:	[73]  ->  [65]  [0.3004, 0.5596]
162	:	[65]  ->  [10]  [0.3128, 0.6884]
163	:	[10]  ->  [65]  [0.3128, 0.5866]
164	:	[65]  ->  [68]  [0.3036, 0.6681]
165	:	[68]  ->  [65]  [0.3036, 0.5460]
166	:	[65]  ->  [52]  [0.3376, 0.7430]
167	:	[52]  ->  [65]  [0.3376, 0.5898]
168	:	[65]  ->  [45]  [0.3008, 0.6620]
169	:	[45]  ->  [65]  [0.3008, 0.5204]
170	:	[65]  ->  [67]  [0.3004, 0.6611]
171	:	[65]  ->  [76]  [0.3144, 0.6919]
172	:	[76]  ->  [65]  [0.3144, 0.5351]
173	:	[65]  ->  [71]  [0.3452, 0.7597]
174	:	[71]  ->  [65]  [0.3452, 0.5738]
175	:	[21]  ->  [83]  [0.3068, 0.6635]
176	:	[83]  ->  [21]  [0.3068, 0.6445]
177	:	[21]  ->  [29]  [0.3084, 0.6670]
178	:	[29]  ->  [21]  [0.3084, 0.5523]
179	:	[21]  ->  [52]  [0.3100, 0.6704]
180	:	[52]  ->  [21]  [0.3100, 0.5416]
181	:	[21]  ->  [45]  [0.3032, 0.6557]
182	:	[45]  ->  [21]  [0.3032, 0.5246]
183	:	[21]  ->  [67]  [0.3284, 0.7102]
184	:	[67]  ->  [21]  [0.3284, 0.5307]
185	:	[21]  ->  [76]  [0.3116, 0.6739]
186	:	[76]  ->  [21]  [0.3116, 0.5303]
187	:	[21]  ->  [71]  [0.3024, 0.6540]
188	:	[71]  ->  [21]  [0.3024, 0.5027]
189	:	[86]  ->  [26]  [0.3088, 0.6766]
190	:	[26]  ->  [86]  [0.3088, 0.6349]
191	:	[86]  ->  [33]  [0.3036, 0.6652]
192	:	[33]  ->  [86]  [0.3036, 0.5995]
193	:	[86]  ->  [60]  [0.3100, 0.6792]
194	:	[60]  ->  [86]  [0.3100, 0.5962]
195	:	[86]  ->  [91]  [0.3088, 0.6766]
196	:	[91]  ->  [86]  [0.3088, 0.5889]
197	:	[86]  ->  [37]  [0.3096, 0.6784]
198	:	[37]  ->  [86]  [0.3096, 0.5873]
199	:	[86]  ->  [68]  [0.3140, 0.6880]
200	:	[68]  ->  [86]  [0.3140, 0.5647]
201	:	[86]  ->  [76]  [0.3324, 0.7283]
202	:	[76]  ->  [86]  [0.3324, 0.5657]
203	:	[86]  ->  [71]  [0.3312, 0.7257]
204	:	[71]  ->  [86]  [0.3312, 0.5505]
205	:	[99]  ->  [100]  [0.3056, 0.6598]
206	:	[100]  ->  [99]  [0.3056, 0.6191]
207	:	[99]  ->  [78]  [0.3044, 0.6572]
208	:	[78]  ->  [99]  [0.3044, 0.6103]
209	:	[99]  ->  [33]  [0.3024, 0.6528]
210	:	[33]  ->  [99]  [0.3024, 0.5972]
211	:	[99]  ->  [5]  [0.3040, 0.6563]
212	:	[5]  ->  [99]  [0.3040, 0.5793]
213	:	[99]  ->  [73]  [0.3016, 0.6511]
214	:	[73]  ->  [99]  [0.3016, 0.5618]
215	:	[99]  ->  [62]  [0.3104, 0.6701]
216	:	[62]  ->  [99]  [0.3104, 0.5519]
217	:	[99]  ->  [29]  [0.3044, 0.6572]
218	:	[29]  ->  [99]  [0.3044, 0.5451]
219	:	[99]  ->  [52]  [0.3064, 0.6615]
220	:	[52]  ->  [99]  [0.3064, 0.5353]
221	:	[99]  ->  [49]  [0.3144, 0.6788]
222	:	[49]  ->  [99]  [0.3144, 0.5351]
223	:	[99]  ->  [45]  [0.3244, 0.7003]
224	:	[45]  ->  [99]  [0.3244, 0.5612]
225	:	[99]  ->  [51]  [0.3284, 0.7090]
226	:	[51]  ->  [99]  [0.3284, 0.5639]
227	:	[99]  ->  [67]  [0.3248, 0.7012]
228	:	[67]  ->  [99]  [0.3248, 0.5249]
229	:	[99]  ->  [76]  [0.3144, 0.6788]
230	:	[76]  ->  [99]  [0.3144, 0.5351]
231	:	[99]  ->  [71]  [0.3244, 0.7003]
232	:	[71]  ->  [99]  [0.3244, 0.5392]
233	:	[46]  ->  [78]  [0.3220, 0.6940]
234	:	[78]  ->  [46]  [0.3220, 0.6455]
235	:	[46]  ->  [31]  [0.3148, 0.6784]
236	:	[31]  ->  [46]  [0.3148, 0.5980]
237	:	[46]  ->  [73]  [0.3080, 0.6638]
238	:	[73]  ->  [46]  [0.3080, 0.5738]
239	:	[46]  ->  [52]  [0.3024, 0.6517]
240	:	[52]  ->  [46]  [0.3024, 0.5283]
241	:	[46]  ->  [49]  [0.3032, 0.6534]
242	:	[49]  ->  [46]  [0.3032, 0.5160]
243	:	[46]  ->  [45]  [0.3244, 0.6991]
244	:	[45]  ->  [46]  [0.3244, 0.5612]
245	:	[46]  ->  [67]  [0.3136, 0.6759]
246	:	[67]  ->  [46]  [0.3136, 0.5068]
247	:	[46]  ->  [75]  [0.3060, 0.6595]
248	:	[46]  ->  [76]  [0.3016, 0.6500]
249	:	[76]  ->  [46]  [0.3016, 0.5133]
250	:	[46]  ->  [71]  [0.3212, 0.6922]
251	:	[71]  ->  [46]  [0.3212, 0.5339]
252	:	[7]  ->  [58]  [0.3192, 0.6856]
253	:	[58]  ->  [7]  [0.3192, 0.6746]
254	:	[7]  ->  [84]  [0.3008, 0.6460]
255	:	[84]  ->  [7]  [0.3008, 0.5789]
256	:	[7]  ->  [4]  [0.3136, 0.6735]
257	:	[4]  ->  [7]  [0.3136, 0.5980]
258	:	[7]  ->  [68]  [0.3092, 0.6641]
259	:	[68]  ->  [7]  [0.3092, 0.5561]
260	:	[7]  ->  [62]  [0.3216, 0.6907]
261	:	[62]  ->  [7]  [0.3216, 0.5718]
262	:	[7]  ->  [29]  [0.3132, 0.6727]
263	:	[29]  ->  [7]  [0.3132, 0.5609]
264	:	[7]  ->  [52]  [0.3160, 0.6787]
265	:	[52]  ->  [7]  [0.3160, 0.5521]
266	:	[7]  ->  [49]  [0.3172, 0.6813]
267	:	[49]  ->  [7]  [0.3172, 0.5398]
268	:	[7]  ->  [45]  [0.3092, 0.6641]
269	:	[45]  ->  [7]  [0.3092, 0.5349]
270	:	[7]  ->  [75]  [0.3168, 0.6804]
271	:	[7]  ->  [76]  [0.3128, 0.6718]
272	:	[76]  ->  [7]  [0.3128, 0.5323]
273	:	[7]  ->  [71]  [0.3204, 0.6881]
274	:	[71]  ->  [7]  [0.3204, 0.5326]
275	:	[34]  ->  [4]  [0.3116, 0.6704]
276	:	[4]  ->  [34]  [0.3116, 0.5942]
277	:	[34]  ->  [37]  [0.3068, 0.6601]
278	:	[37]  ->  [34]  [0.3068, 0.5819]
279	:	[34]  ->  [10]  [0.3204, 0.6893]
280	:	[10]  ->  [34]  [0.3204, 0.6009]
281	:	[34]  ->  [49]  [0.3244, 0.6979]
282	:	[49]  ->  [34]  [0.3244, 0.5521]
283	:	[34]  ->  [45]  [0.3104, 0.6678]
284	:	[45]  ->  [34]  [0.3104, 0.5370]
285	:	[34]  ->  [67]  [0.3284, 0.7065]
286	:	[67]  ->  [34]  [0.3284, 0.5307]
287	:	[34]  ->  [75]  [0.3036, 0.6532]
288	:	[34]  ->  [71]  [0.3176, 0.6833]
289	:	[71]  ->  [34]  [0.3176, 0.5279]
290	:	[80]  ->  [32]  [0.3112, 0.6661]
291	:	[32]  ->  [80]  [0.3112, 0.6259]
292	:	[80]  ->  [23]  [0.3060, 0.6550]
293	:	[23]  ->  [80]  [0.3060, 0.5903]
294	:	[80]  ->  [5]  [0.3176, 0.6798]
295	:	[5]  ->  [80]  [0.3176, 0.6052]
296	:	[80]  ->  [31]  [0.3200, 0.6849]
297	:	[31]  ->  [80]  [0.3200, 0.6079]
298	:	[80]  ->  [73]  [0.3260, 0.6978]
299	:	[73]  ->  [80]  [0.3260, 0.6073]
300	:	[80]  ->  [68]  [0.3136, 0.6712]
301	:	[68]  ->  [80]  [0.3136, 0.5640]
302	:	[80]  ->  [62]  [0.3016, 0.6455]
303	:	[62]  ->  [80]  [0.3016, 0.5363]
304	:	[80]  ->  [49]  [0.3088, 0.6610]
305	:	[49]  ->  [80]  [0.3088, 0.5255]
306	:	[80]  ->  [45]  [0.3180, 0.6807]
307	:	[45]  ->  [80]  [0.3180, 0.5502]
308	:	[80]  ->  [67]  [0.3300, 0.7063]
309	:	[67]  ->  [80]  [0.3300, 0.5333]
310	:	[80]  ->  [76]  [0.3192, 0.6832]
311	:	[76]  ->  [80]  [0.3192, 0.5432]
312	:	[80]  ->  [71]  [0.3320, 0.7106]
313	:	[71]  ->  [80]  [0.3320, 0.5519]
314	:	[3]  ->  [27]  [0.3136, 0.6689]
315	:	[27]  ->  [3]  [0.3136, 0.6661]
316	:	[3]  ->  [83]  [0.3044, 0.6493]
317	:	[83]  ->  [3]  [0.3044, 0.6395]
318	:	[3]  ->  [30]  [0.3072, 0.6553]
319	:	[30]  ->  [3]  [0.3072, 0.6321]
320	:	[3]  ->  [19]  [0.3060, 0.6527]
321	:	[19]  ->  [3]  [0.3060, 0.6159]
322	:	[3]  ->  [33]  [0.3020, 0.6442]
323	:	[33]  ->  [3]  [0.3020, 0.5964]
324	:	[3]  ->  [35]  [0.3340, 0.7125]
325	:	[35]  ->  [3]  [0.3340, 0.6513]
326	:	[3]  ->  [84]  [0.3404, 0.7261]
327	:	[84]  ->  [3]  [0.3404, 0.6551]
328	:	[3]  ->  [73]  [0.3196, 0.6817]
329	:	[73]  ->  [3]  [0.3196, 0.5954]
330	:	[3]  ->  [68]  [0.3056, 0.6519]
331	:	[68]  ->  [3]  [0.3056, 0.5496]
332	:	[3]  ->  [29]  [0.3496, 0.7457]
333	:	[29]  ->  [3]  [0.3496, 0.6261]
334	:	[3]  ->  [52]  [0.3232, 0.6894]
335	:	[52]  ->  [3]  [0.3232, 0.5646]
336	:	[3]  ->  [49]  [0.3392, 0.7235]
337	:	[49]  ->  [3]  [0.3392, 0.5773]
338	:	[3]  ->  [45]  [0.3244, 0.6920]
339	:	[45]  ->  [3]  [0.3244, 0.5612]
340	:	[3]  ->  [51]  [0.3436, 0.7329]
341	:	[51]  ->  [3]  [0.3436, 0.5900]
342	:	[3]  ->  [67]  [0.3100, 0.6613]
343	:	[67]  ->  [3]  [0.3100, 0.5010]
344	:	[3]  ->  [76]  [0.3332, 0.7108]
345	:	[76]  ->  [3]  [0.3332, 0.5671]
346	:	[3]  ->  [71]  [0.3296, 0.7031]
347	:	[71]  ->  [3]  [0.3296, 0.5479]
348	:	[56]  ->  [60]  [0.3016, 0.6406]
349	:	[60]  ->  [56]  [0.3016, 0.5800]
350	:	[56]  ->  [31]  [0.3136, 0.6661]
351	:	[31]  ->  [56]  [0.3136, 0.5957]
352	:	[56]  ->  [37]  [0.3320, 0.7052]
353	:	[37]  ->  [56]  [0.3320, 0.6297]
354	:	[56]  ->  [73]  [0.3288, 0.6984]
355	:	[73]  ->  [56]  [0.3288, 0.6125]
356	:	[56]  ->  [68]  [0.3056, 0.6491]
357	:	[68]  ->  [56]  [0.3056, 0.5496]
358	:	[56]  ->  [52]  [0.3076, 0.6534]
359	:	[52]  ->  [56]  [0.3076, 0.5374]
360	:	[56]  ->  [49]  [0.3064, 0.6508]
361	:	[49]  ->  [56]  [0.3064, 0.5214]
362	:	[56]  ->  [45]  [0.3108, 0.6602]
363	:	[45]  ->  [56]  [0.3108, 0.5377]
364	:	[56]  ->  [51]  [0.3064, 0.6508]
365	:	[51]  ->  [56]  [0.3064, 0.5261]
366	:	[56]  ->  [67]  [0.3248, 0.6899]
367	:	[67]  ->  [56]  [0.3248, 0.5249]
368	:	[56]  ->  [76]  [0.3224, 0.6848]
369	:	[76]  ->  [56]  [0.3224, 0.5487]
370	:	[56]  ->  [71]  [0.3088, 0.6559]
371	:	[71]  ->  [56]  [0.3088, 0.5133]
372	:	[27]  ->  [30]  [0.3284, 0.6975]
373	:	[30]  ->  [27]  [0.3284, 0.6757]
374	:	[27]  ->  [32]  [0.3000, 0.6372]
375	:	[32]  ->  [27]  [0.3000, 0.6034]
376	:	[27]  ->  [33]  [0.3216, 0.6831]
377	:	[33]  ->  [27]  [0.3216, 0.6351]
378	:	[27]  ->  [60]  [0.3244, 0.6890]
379	:	[60]  ->  [27]  [0.3244, 0.6238]
380	:	[27]  ->  [5]  [0.3136, 0.6661]
381	:	[5]  ->  [27]  [0.3136, 0.5976]
382	:	[27]  ->  [10]  [0.3000, 0.6372]
383	:	[10]  ->  [27]  [0.3000, 0.5626]
384	:	[27]  ->  [68]  [0.3220, 0.6839]
385	:	[68]  ->  [27]  [0.3220, 0.5791]
386	:	[27]  ->  [29]  [0.3096, 0.6576]
387	:	[29]  ->  [27]  [0.3096, 0.5544]
388	:	[27]  ->  [52]  [0.3068, 0.6517]
389	:	[52]  ->  [27]  [0.3068, 0.5360]
390	:	[27]  ->  [49]  [0.3032, 0.6440]
391	:	[49]  ->  [27]  [0.3032, 0.5160]
392	:	[27]  ->  [45]  [0.3236, 0.6873]
393	:	[45]  ->  [27]  [0.3236, 0.5599]
394	:	[27]  ->  [51]  [0.3204, 0.6805]
395	:	[51]  ->  [27]  [0.3204, 0.5501]
396	:	[27]  ->  [67]  [0.3088, 0.6559]
397	:	[27]  ->  [75]  [0.3216, 0.6831]
398	:	[75]  ->  [27]  [0.3216, 0.5050]
399	:	[27]  ->  [76]  [0.3400, 0.7222]
400	:	[76]  ->  [27]  [0.3400, 0.5786]
401	:	[27]  ->  [71]  [0.3192, 0.6780]
402	:	[71]  ->  [27]  [0.3192, 0.5306]
403	:	[83]  ->  [35]  [0.3080, 0.6471]
404	:	[35]  ->  [83]  [0.3080, 0.6006]
405	:	[83]  ->  [84]  [0.3180, 0.6681]
406	:	[84]  ->  [83]  [0.3180, 0.6120]
407	:	[83]  ->  [5]  [0.3040, 0.6387]
408	:	[5]  ->  [83]  [0.3040, 0.5793]
409	:	[83]  ->  [91]  [0.3016, 0.6336]
410	:	[91]  ->  [83]  [0.3016, 0.5751]
411	:	[83]  ->  [4]  [0.3052, 0.6412]
412	:	[4]  ->  [83]  [0.3052, 0.5820]
413	:	[83]  ->  [68]  [0.3172, 0.6664]
414	:	[68]  ->  [83]  [0.3172, 0.5705]
415	:	[83]  ->  [29]  [0.3292, 0.6916]
416	:	[29]  ->  [83]  [0.3292, 0.5895]
417	:	[83]  ->  [52]  [0.3028, 0.6361]
418	:	[52]  ->  [83]  [0.3028, 0.5290]
419	:	[83]  ->  [49]  [0.3232, 0.6790]
420	:	[49]  ->  [83]  [0.3232, 0.5500]
421	:	[83]  ->  [45]  [0.3016, 0.6336]
422	:	[45]  ->  [83]  [0.3016, 0.5218]
423	:	[83]  ->  [51]  [0.3456, 0.7261]
424	:	[51]  ->  [83]  [0.3456, 0.5934]
425	:	[83]  ->  [67]  [0.3252, 0.6832]
426	:	[67]  ->  [83]  [0.3252, 0.5255]
427	:	[83]  ->  [75]  [0.3248, 0.6824]
428	:	[75]  ->  [83]  [0.3248, 0.5101]
429	:	[83]  ->  [76]  [0.3288, 0.6908]
430	:	[76]  ->  [83]  [0.3288, 0.5596]
431	:	[83]  ->  [71]  [0.3092, 0.6496]
432	:	[71]  ->  [83]  [0.3092, 0.5140]
433	:	[18]  ->  [93]  [0.3136, 0.6644]
434	:	[93]  ->  [18]  [0.3136, 0.6384]
435	:	[18]  ->  [100]  [0.3192, 0.6763]
436	:	[100]  ->  [18]  [0.3192, 0.6467]
437	:	[18]  ->  [78]  [0.3004, 0.6364]
438	:	[78]  ->  [18]  [0.3004, 0.6022]
439	:	[18]  ->  [53]  [0.3060, 0.6483]
440	:	[53]  ->  [18]  [0.3060, 0.6057]
441	:	[18]  ->  [23]  [0.3008, 0.6373]
442	:	[23]  ->  [18]  [0.3008, 0.5802]
443	:	[18]  ->  [5]  [0.3340, 0.7076]
444	:	[5]  ->  [18]  [0.3340, 0.6364]
445	:	[18]  ->  [68]  [0.3176, 0.6729]
446	:	[68]  ->  [18]  [0.3176, 0.5712]
447	:	[18]  ->  [62]  [0.3100, 0.6568]
448	:	[62]  ->  [18]  [0.3100, 0.5512]
449	:	[18]  ->  [29]  [0.3268, 0.6924]
450	:	[29]  ->  [18]  [0.3268, 0.5852]
451	:	[18]  ->  [52]  [0.3176, 0.6729]
452	:	[52]  ->  [18]  [0.3176, 0.5549]
453	:	[18]  ->  [49]  [0.3196, 0.6771]
454	:	[49]  ->  [18]  [0.3196, 0.5439]
455	:	[18]  ->  [45]  [0.3040, 0.6441]
456	:	[45]  ->  [18]  [0.3040, 0.5260]
457	:	[18]  ->  [51]  [0.3044, 0.6449]
458	:	[51]  ->  [18]  [0.3044, 0.5227]
459	:	[18]  ->  [67]  [0.3440, 0.7288]
460	:	[67]  ->  [18]  [0.3440, 0.5559]
461	:	[18]  ->  [75]  [0.3152, 0.6678]
462	:	[18]  ->  [76]  [0.3216, 0.6814]
463	:	[76]  ->  [18]  [0.3216, 0.5473]
464	:	[18]  ->  [71]  [0.3292, 0.6975]
465	:	[71]  ->  [18]  [0.3292, 0.5472]
466	:	[58]  ->  [20]  [0.3040, 0.6424]
467	:	[20]  ->  [58]  [0.3040, 0.6339]
468	:	[58]  ->  [32]  [0.3092, 0.6534]
469	:	[32]  ->  [58]  [0.3092, 0.6219]
470	:	[58]  ->  [53]  [0.3088, 0.6526]
471	:	[53]  ->  [58]  [0.3088, 0.6112]
472	:	[58]  ->  [4]  [0.3216, 0.6796]
473	:	[4]  ->  [58]  [0.3216, 0.6133]
474	:	[58]  ->  [10]  [0.3012, 0.6365]
475	:	[10]  ->  [58]  [0.3012, 0.5649]
476	:	[58]  ->  [62]  [0.3012, 0.6365]
477	:	[62]  ->  [58]  [0.3012, 0.5356]
478	:	[58]  ->  [29]  [0.3116, 0.6585]
479	:	[29]  ->  [58]  [0.3116, 0.5580]
480	:	[58]  ->  [52]  [0.3100, 0.6551]
481	:	[52]  ->  [58]  [0.3100, 0.5416]
482	:	[58]  ->  [49]  [0.3056, 0.6458]
483	:	[49]  ->  [58]  [0.3056, 0.5201]
484	:	[58]  ->  [45]  [0.3452, 0.7295]
485	:	[45]  ->  [58]  [0.3452, 0.5972]
486	:	[58]  ->  [51]  [0.3000, 0.6340]
487	:	[51]  ->  [58]  [0.3000, 0.5151]
488	:	[58]  ->  [75]  [0.3456, 0.7303]
489	:	[75]  ->  [58]  [0.3456, 0.5427]
490	:	[58]  ->  [76]  [0.3228, 0.6822]
491	:	[76]  ->  [58]  [0.3228, 0.5494]
492	:	[58]  ->  [71]  [0.3456, 0.7303]
493	:	[71]  ->  [58]  [0.3456, 0.5745]
494	:	[41]  ->  [30]  [0.3132, 0.6509]
495	:	[30]  ->  [41]  [0.3132, 0.6444]
496	:	[41]  ->  [33]  [0.3220, 0.6692]
497	:	[33]  ->  [41]  [0.3220, 0.6359]
498	:	[41]  ->  [4]  [0.3180, 0.6608]
499	:	[4]  ->  [41]  [0.3180, 0.6064]
500	:	[41]  ->  [10]  [0.3116, 0.6475]
501	:	[10]  ->  [41]  [0.3116, 0.5844]
502	:	[41]  ->  [68]  [0.3176, 0.6600]
503	:	[68]  ->  [41]  [0.3176, 0.5712]
504	:	[41]  ->  [49]  [0.3224, 0.6700]
505	:	[49]  ->  [41]  [0.3224, 0.5487]
506	:	[41]  ->  [51]  [0.3112, 0.6467]
507	:	[51]  ->  [41]  [0.3112, 0.5343]
508	:	[41]  ->  [67]  [0.3136, 0.6517]
509	:	[67]  ->  [41]  [0.3136, 0.5068]
510	:	[41]  ->  [75]  [0.3004, 0.6243]
511	:	[41]  ->  [71]  [0.3020, 0.6276]
512	:	[71]  ->  [41]  [0.3020, 0.5020]
513	:	[88]  ->  [100]  [0.3112, 0.6560]
514	:	[100]  ->  [88]  [0.3112, 0.6305]
515	:	[88]  ->  [96]  [0.3032, 0.6391]
516	:	[96]  ->  [88]  [0.3032, 0.6045]
517	:	[88]  ->  [53]  [0.3036, 0.6400]
518	:	[53]  ->  [88]  [0.3036, 0.6010]
519	:	[88]  ->  [89]  [0.3264, 0.6880]
520	:	[89]  ->  [88]  [0.3264, 0.6451]
521	:	[88]  ->  [31]  [0.3324, 0.7007]
522	:	[31]  ->  [88]  [0.3324, 0.6315]
523	:	[88]  ->  [10]  [0.3220, 0.6788]
524	:	[10]  ->  [88]  [0.3220, 0.6039]
525	:	[88]  ->  [68]  [0.3232, 0.6813]
526	:	[68]  ->  [88]  [0.3232, 0.5813]
527	:	[88]  ->  [62]  [0.3128, 0.6594]
528	:	[62]  ->  [88]  [0.3128, 0.5562]
529	:	[88]  ->  [29]  [0.3232, 0.6813]
530	:	[29]  ->  [88]  [0.3232, 0.5788]
531	:	[88]  ->  [45]  [0.3404, 0.7175]
532	:	[45]  ->  [88]  [0.3404, 0.5889]
533	:	[88]  ->  [51]  [0.3312, 0.6981]
534	:	[51]  ->  [88]  [0.3312, 0.5687]
535	:	[88]  ->  [67]  [0.3252, 0.6855]
536	:	[67]  ->  [88]  [0.3252, 0.5255]
537	:	[88]  ->  [75]  [0.3096, 0.6526]
538	:	[88]  ->  [76]  [0.3444, 0.7260]
539	:	[76]  ->  [88]  [0.3444, 0.5861]
540	:	[88]  ->  [71]  [0.3492, 0.7361]
541	:	[71]  ->  [88]  [0.3492, 0.5805]
542	:	[15]  ->  [78]  [0.3000, 0.6281]
543	:	[78]  ->  [15]  [0.3000, 0.6014]
544	:	[15]  ->  [96]  [0.3108, 0.6508]
545	:	[96]  ->  [15]  [0.3108, 0.6196]
546	:	[15]  ->  [53]  [0.3008, 0.6298]
547	:	[53]  ->  [15]  [0.3008, 0.5954]
548	:	[15]  ->  [89]  [0.3280, 0.6868]
549	:	[89]  ->  [15]  [0.3280, 0.6482]
550	:	[15]  ->  [5]  [0.3024, 0.6332]
551	:	[5]  ->  [15]  [0.3024, 0.5762]
552	:	[15]  ->  [91]  [0.3072, 0.6432]
553	:	[91]  ->  [15]  [0.3072, 0.5858]
554	:	[15]  ->  [4]  [0.3000, 0.6281]
555	:	[4]  ->  [15]  [0.3000, 0.5721]
556	:	[15]  ->  [68]  [0.3276, 0.6859]
557	:	[68]  ->  [15]  [0.3276, 0.5892]
558	:	[15]  ->  [62]  [0.3328, 0.6968]
559	:	[62]  ->  [15]  [0.3328, 0.5917]
560	:	[15]  ->  [49]  [0.3104, 0.6499]
561	:	[49]  ->  [15]  [0.3104, 0.5283]
562	:	[15]  ->  [45]  [0.3272, 0.6851]
563	:	[45]  ->  [15]  [0.3272, 0.5661]
564	:	[15]  ->  [51]  [0.3080, 0.6449]
565	:	[51]  ->  [15]  [0.3080, 0.5288]
566	:	[15]  ->  [75]  [0.3324, 0.6960]
567	:	[75]  ->  [15]  [0.3324, 0.5220]
568	:	[15]  ->  [76]  [0.3196, 0.6692]
569	:	[76]  ->  [15]  [0.3196, 0.5439]
570	:	[15]  ->  [71]  [0.3656, 0.7655]
571	:	[71]  ->  [15]  [0.3656, 0.6077]
572	:	[8]  ->  [19]  [0.3048, 0.6371]
573	:	[19]  ->  [8]  [0.3048, 0.6135]
574	:	[8]  ->  [53]  [0.3032, 0.6338]
575	:	[53]  ->  [8]  [0.3032, 0.6002]
576	:	[8]  ->  [35]  [0.3204, 0.6697]
577	:	[35]  ->  [8]  [0.3204, 0.6248]
578	:	[8]  ->  [23]  [0.3072, 0.6421]
579	:	[23]  ->  [8]  [0.3072, 0.5926]
580	:	[8]  ->  [84]  [0.3180, 0.6647]
581	:	[84]  ->  [8]  [0.3180, 0.6120]
582	:	[8]  ->  [5]  [0.3012, 0.6296]
583	:	[5]  ->  [8]  [0.3012, 0.5739]
584	:	[8]  ->  [31]  [0.3008, 0.6288]
585	:	[31]  ->  [8]  [0.3008, 0.5714]
586	:	[8]  ->  [37]  [0.3128, 0.6538]
587	:	[37]  ->  [8]  [0.3128, 0.5933]
588	:	[8]  ->  [10]  [0.3372, 0.7048]
589	:	[10]  ->  [8]  [0.3372, 0.6324]
590	:	[8]  ->  [68]  [0.3204, 0.6697]
591	:	[68]  ->  [8]  [0.3204, 0.5763]
592	:	[8]  ->  [62]  [0.3164, 0.6614]
593	:	[62]  ->  [8]  [0.3164, 0.5626]
594	:	[8]  ->  [52]  [0.3344, 0.6990]
595	:	[52]  ->  [8]  [0.3344, 0.5842]
596	:	[8]  ->  [49]  [0.3032, 0.6338]
597	:	[49]  ->  [8]  [0.3032, 0.5160]
598	:	[8]  ->  [45]  [0.3156, 0.6597]
599	:	[45]  ->  [8]  [0.3156, 0.5460]
600	:	[8]  ->  [51]  [0.3132, 0.6547]
601	:	[51]  ->  [8]  [0.3132, 0.5378]
602	:	[8]  ->  [67]  [0.3276, 0.6848]
603	:	[67]  ->  [8]  [0.3276, 0.5294]
604	:	[8]  ->  [75]  [0.3424, 0.7157]
605	:	[75]  ->  [8]  [0.3424, 0.5377]
606	:	[8]  ->  [76]  [0.3392, 0.7090]
607	:	[76]  ->  [8]  [0.3392, 0.5773]
608	:	[8]  ->  [71]  [0.3356, 0.7015]
609	:	[71]  ->  [8]  [0.3356, 0.5578]
610	:	[50]  ->  [43]  [0.3376, 0.7004]
611	:	[43]  ->  [50]  [0.3376, 0.6987]
612	:	[50]  ->  [53]  [0.3168, 0.6573]
613	:	[53]  ->  [50]  [0.3168, 0.6271]
614	:	[50]  ->  [23]  [0.3008, 0.6241]
615	:	[23]  ->  [50]  [0.3008, 0.5802]
616	:	[50]  ->  [84]  [0.3208, 0.6656]
617	:	[84]  ->  [50]  [0.3208, 0.6174]
618	:	[50]  ->  [5]  [0.3020, 0.6266]
619	:	[5]  ->  [50]  [0.3020, 0.5755]
620	:	[50]  ->  [4]  [0.3004, 0.6232]
621	:	[4]  ->  [50]  [0.3004, 0.5728]
622	:	[50]  ->  [68]  [0.3148, 0.6531]
623	:	[68]  ->  [50]  [0.3148, 0.5662]
624	:	[50]  ->  [62]  [0.3296, 0.6838]
625	:	[62]  ->  [50]  [0.3296, 0.5861]
626	:	[50]  ->  [49]  [0.3032, 0.6290]
627	:	[49]  ->  [50]  [0.3032, 0.5160]
628	:	[50]  ->  [45]  [0.3184, 0.6606]
629	:	[45]  ->  [50]  [0.3184, 0.5509]
630	:	[50]  ->  [51]  [0.3008, 0.6241]
631	:	[51]  ->  [50]  [0.3008, 0.5165]
632	:	[50]  ->  [75]  [0.3296, 0.6838]
633	:	[75]  ->  [50]  [0.3296, 0.5176]
634	:	[50]  ->  [76]  [0.3312, 0.6871]
635	:	[76]  ->  [50]  [0.3312, 0.5636]
636	:	[50]  ->  [71]  [0.3120, 0.6473]
637	:	[71]  ->  [50]  [0.3120, 0.5186]
638	:	[20]  ->  [11]  [0.3168, 0.6606]
639	:	[11]  ->  [20]  [0.3168, 0.6486]
640	:	[20]  ->  [89]  [0.3188, 0.6647]
641	:	[89]  ->  [20]  [0.3188, 0.6300]
642	:	[20]  ->  [35]  [0.3092, 0.6447]
643	:	[35]  ->  [20]  [0.3092, 0.6030]
644	:	[20]  ->  [84]  [0.3096, 0.6455]
645	:	[84]  ->  [20]  [0.3096, 0.5958]
646	:	[20]  ->  [4]  [0.3004, 0.6264]
647	:	[4]  ->  [20]  [0.3004, 0.5728]
648	:	[20]  ->  [10]  [0.3216, 0.6706]
649	:	[10]  ->  [20]  [0.3216, 0.6032]
650	:	[20]  ->  [68]  [0.3156, 0.6580]
651	:	[68]  ->  [20]  [0.3156, 0.5676]
652	:	[20]  ->  [29]  [0.3188, 0.6647]
653	:	[29]  ->  [20]  [0.3188, 0.5709]
654	:	[20]  ->  [52]  [0.3200, 0.6672]
655	:	[52]  ->  [20]  [0.3200, 0.5590]
656	:	[20]  ->  [49]  [0.3328, 0.6939]
657	:	[49]  ->  [20]  [0.3328, 0.5664]
658	:	[20]  ->  [45]  [0.3372, 0.7031]
659	:	[45]  ->  [20]  [0.3372, 0.5834]
660	:	[20]  ->  [51]  [0.3292, 0.6864]
661	:	[51]  ->  [20]  [0.3292, 0.5652]
662	:	[20]  ->  [67]  [0.3136, 0.6539]
663	:	[67]  ->  [20]  [0.3136, 0.5068]
664	:	[20]  ->  [75]  [0.3012, 0.6280]
665	:	[20]  ->  [76]  [0.3196, 0.6664]
666	:	[76]  ->  [20]  [0.3196, 0.5439]
667	:	[20]  ->  [71]  [0.3312, 0.6906]
668	:	[71]  ->  [20]  [0.3312, 0.5505]
669	:	[43]  ->  [32]  [0.3208, 0.6639]
670	:	[32]  ->  [43]  [0.3208, 0.6452]
671	:	[43]  ->  [78]  [0.3008, 0.6225]
672	:	[78]  ->  [43]  [0.3008, 0.6030]
673	:	[43]  ->  [53]  [0.3140, 0.6498]
674	:	[53]  ->  [43]  [0.3140, 0.6215]
675	:	[43]  ->  [35]  [0.3052, 0.6316]
676	:	[35]  ->  [43]  [0.3052, 0.5952]
677	:	[43]  ->  [84]  [0.3084, 0.6382]
678	:	[84]  ->  [43]  [0.3084, 0.5935]
679	:	[43]  ->  [37]  [0.3004, 0.6217]
680	:	[37]  ->  [43]  [0.3004, 0.5698]
681	:	[43]  ->  [10]  [0.3032, 0.6275]
682	:	[10]  ->  [43]  [0.3032, 0.5686]
683	:	[43]  ->  [68]  [0.3392, 0.7020]
684	:	[68]  ->  [43]  [0.3392, 0.6101]
685	:	[43]  ->  [62]  [0.3044, 0.6300]
686	:	[62]  ->  [43]  [0.3044, 0.5413]
687	:	[43]  ->  [49]  [0.3076, 0.6366]
688	:	[49]  ->  [43]  [0.3076, 0.5235]
689	:	[43]  ->  [45]  [0.3236, 0.6697]
690	:	[45]  ->  [43]  [0.3236, 0.5599]
691	:	[43]  ->  [51]  [0.3184, 0.6589]
692	:	[51]  ->  [43]  [0.3184, 0.5467]
693	:	[43]  ->  [67]  [0.3196, 0.6614]
694	:	[67]  ->  [43]  [0.3196, 0.5165]
695	:	[43]  ->  [75]  [0.3516, 0.7276]
696	:	[75]  ->  [43]  [0.3516, 0.5521]
697	:	[43]  ->  [76]  [0.3476, 0.7194]
698	:	[76]  ->  [43]  [0.3476, 0.5916]
699	:	[43]  ->  [71]  [0.3388, 0.7012]
700	:	[71]  ->  [43]  [0.3388, 0.5632]
701	:	[30]  ->  [96]  [0.3000, 0.6173]
702	:	[96]  ->  [30]  [0.3000, 0.5981]
703	:	[30]  ->  [33]  [0.3092, 0.6362]
704	:	[33]  ->  [30]  [0.3092, 0.6106]
705	:	[30]  ->  [60]  [0.3128, 0.6436]
706	:	[60]  ->  [30]  [0.3128, 0.6015]
707	:	[30]  ->  [5]  [0.3040, 0.6255]
708	:	[5]  ->  [30]  [0.3040, 0.5793]
709	:	[30]  ->  [91]  [0.3116, 0.6412]
710	:	[91]  ->  [30]  [0.3116, 0.5942]
711	:	[30]  ->  [73]  [0.3144, 0.6469]
712	:	[73]  ->  [30]  [0.3144, 0.5857]
713	:	[30]  ->  [68]  [0.3044, 0.6263]
714	:	[68]  ->  [30]  [0.3044, 0.5475]
715	:	[30]  ->  [29]  [0.3208, 0.6601]
716	:	[29]  ->  [30]  [0.3208, 0.5745]
717	:	[30]  ->  [52]  [0.3004, 0.6181]
718	:	[52]  ->  [30]  [0.3004, 0.5248]
719	:	[30]  ->  [49]  [0.3328, 0.6848]
720	:	[49]  ->  [30]  [0.3328, 0.5664]
721	:	[30]  ->  [45]  [0.3512, 0.7226]
722	:	[45]  ->  [30]  [0.3512, 0.6076]
723	:	[30]  ->  [51]  [0.3188, 0.6560]
724	:	[51]  ->  [30]  [0.3188, 0.5474]
725	:	[30]  ->  [67]  [0.3180, 0.6543]
726	:	[67]  ->  [30]  [0.3180, 0.5139]
727	:	[30]  ->  [75]  [0.3192, 0.6568]
728	:	[75]  ->  [30]  [0.3192, 0.5013]
729	:	[30]  ->  [76]  [0.3528, 0.7259]
730	:	[76]  ->  [30]  [0.3528, 0.6004]
731	:	[30]  ->  [71]  [0.3384, 0.6963]
732	:	[71]  ->  [30]  [0.3384, 0.5625]
733	:	[26]  ->  [36]  [0.3052, 0.6275]
734	:	[36]  ->  [26]  [0.3052, 0.6114]
735	:	[26]  ->  [89]  [0.3100, 0.6373]
736	:	[89]  ->  [26]  [0.3100, 0.6126]
737	:	[26]  ->  [33]  [0.3408, 0.7007]
738	:	[33]  ->  [26]  [0.3408, 0.6730]
739	:	[26]  ->  [35]  [0.3220, 0.6620]
740	:	[35]  ->  [26]  [0.3220, 0.6279]
741	:	[26]  ->  [23]  [0.3192, 0.6563]
742	:	[23]  ->  [26]  [0.3192, 0.6157]
743	:	[26]  ->  [84]  [0.3252, 0.6686]
744	:	[84]  ->  [26]  [0.3252, 0.6259]
745	:	[26]  ->  [5]  [0.3100, 0.6373]
746	:	[5]  ->  [26]  [0.3100, 0.5907]
747	:	[26]  ->  [91]  [0.3044, 0.6258]
748	:	[91]  ->  [26]  [0.3044, 0.5805]
749	:	[26]  ->  [4]  [0.3200, 0.6579]
750	:	[4]  ->  [26]  [0.3200, 0.6102]
751	:	[26]  ->  [37]  [0.3040, 0.6250]
752	:	[37]  ->  [26]  [0.3040, 0.5766]
753	:	[26]  ->  [73]  [0.3056, 0.6283]
754	:	[73]  ->  [26]  [0.3056, 0.5693]
755	:	[26]  ->  [10]  [0.3080, 0.6332]
756	:	[10]  ->  [26]  [0.3080, 0.5776]
757	:	[26]  ->  [68]  [0.3188, 0.6554]
758	:	[68]  ->  [26]  [0.3188, 0.5734]
759	:	[26]  ->  [62]  [0.3472, 0.7138]
760	:	[62]  ->  [26]  [0.3472, 0.6174]
761	:	[26]  ->  [29]  [0.3316, 0.6817]
762	:	[29]  ->  [26]  [0.3316, 0.5938]
763	:	[26]  ->  [52]  [0.3184, 0.6546]
764	:	[52]  ->  [26]  [0.3184, 0.5563]
765	:	[26]  ->  [49]  [0.3060, 0.6291]
766	:	[49]  ->  [26]  [0.3060, 0.5208]
767	:	[26]  ->  [45]  [0.3172, 0.6521]
768	:	[45]  ->  [26]  [0.3172, 0.5488]
769	:	[26]  ->  [51]  [0.3320, 0.6826]
770	:	[51]  ->  [26]  [0.3320, 0.5701]
771	:	[26]  ->  [75]  [0.3348, 0.6883]
772	:	[75]  ->  [26]  [0.3348, 0.5258]
773	:	[26]  ->  [76]  [0.3344, 0.6875]
774	:	[76]  ->  [26]  [0.3344, 0.5691]
775	:	[26]  ->  [71]  [0.3472, 0.7138]
776	:	[71]  ->  [26]  [0.3472, 0.5771]
777	:	[42]  ->  [93]  [0.3156, 0.6483]
778	:	[93]  ->  [42]  [0.3156, 0.6425]
779	:	[42]  ->  [78]  [0.3092, 0.6352]
780	:	[78]  ->  [42]  [0.3092, 0.6199]
781	:	[42]  ->  [36]  [0.3040, 0.6245]
782	:	[36]  ->  [42]  [0.3040, 0.6090]
783	:	[42]  ->  [96]  [0.3132, 0.6434]
784	:	[96]  ->  [42]  [0.3132, 0.6244]
785	:	[42]  ->  [53]  [0.3016, 0.6196]
786	:	[53]  ->  [42]  [0.3016, 0.5970]
787	:	[42]  ->  [35]  [0.3076, 0.6319]
788	:	[35]  ->  [42]  [0.3076, 0.5998]
789	:	[42]  ->  [60]  [0.3348, 0.6878]
790	:	[60]  ->  [42]  [0.3348, 0.6438]
791	:	[42]  ->  [5]  [0.3052, 0.6270]
792	:	[5]  ->  [42]  [0.3052, 0.5816]
793	:	[42]  ->  [91]  [0.3124, 0.6417]
794	:	[91]  ->  [42]  [0.3124, 0.5957]
795	:	[42]  ->  [37]  [0.3140, 0.6450]
796	:	[37]  ->  [42]  [0.3140, 0.5956]
797	:	[42]  ->  [10]  [0.3060, 0.6286]
798	:	[10]  ->  [42]  [0.3060, 0.5739]
799	:	[42]  ->  [68]  [0.3032, 0.6228]
800	:	[68]  ->  [42]  [0.3032, 0.5453]
801	:	[42]  ->  [62]  [0.3096, 0.6360]
802	:	[62]  ->  [42]  [0.3096, 0.5505]
803	:	[42]  ->  [29]  [0.3312, 0.6804]
804	:	[29]  ->  [42]  [0.3312, 0.5931]
805	:	[42]  ->  [52]  [0.3340, 0.6861]
806	:	[52]  ->  [42]  [0.3340, 0.5835]
807	:	[42]  ->  [45]  [0.3044, 0.6253]
808	:	[45]  ->  [42]  [0.3044, 0.5266]
809	:	[42]  ->  [67]  [0.3468, 0.7124]
810	:	[67]  ->  [42]  [0.3468, 0.5604]
811	:	[42]  ->  [71]  [0.3460, 0.7108]
812	:	[71]  ->  [42]  [0.3460, 0.5751]
813	:	[11]  ->  [78]  [0.3012, 0.6167]
814	:	[78]  ->  [11]  [0.3012, 0.6038]
815	:	[11]  ->  [89]  [0.3160, 0.6470]
816	:	[89]  ->  [11]  [0.3160, 0.6245]
817	:	[11]  ->  [35]  [0.3220, 0.6593]
818	:	[35]  ->  [11]  [0.3220, 0.6279]
819	:	[11]  ->  [23]  [0.3136, 0.6421]
820	:	[23]  ->  [11]  [0.3136, 0.6049]
821	:	[11]  ->  [84]  [0.3188, 0.6527]
822	:	[84]  ->  [11]  [0.3188, 0.6135]
823	:	[11]  ->  [31]  [0.3040, 0.6224]
824	:	[31]  ->  [11]  [0.3040, 0.5775]
825	:	[11]  ->  [91]  [0.3036, 0.6216]
826	:	[91]  ->  [11]  [0.3036, 0.5789]
827	:	[11]  ->  [4]  [0.3460, 0.7084]
828	:	[4]  ->  [11]  [0.3460, 0.6598]
829	:	[11]  ->  [73]  [0.3140, 0.6429]
830	:	[73]  ->  [11]  [0.3140, 0.5849]
831	:	[11]  ->  [68]  [0.3144, 0.6437]
832	:	[68]  ->  [11]  [0.3144, 0.5655]
833	:	[11]  ->  [62]  [0.3260, 0.6675]
834	:	[62]  ->  [11]  [0.3260, 0.5797]
835	:	[11]  ->  [29]  [0.3188, 0.6527]
836	:	[29]  ->  [11]  [0.3188, 0.5709]
837	:	[11]  ->  [52]  [0.3200, 0.6552]
838	:	[52]  ->  [11]  [0.3200, 0.5590]
839	:	[11]  ->  [49]  [0.3236, 0.6626]
840	:	[49]  ->  [11]  [0.3236, 0.5507]
841	:	[11]  ->  [45]  [0.3108, 0.6364]
842	:	[45]  ->  [11]  [0.3108, 0.5377]
843	:	[11]  ->  [51]  [0.3344, 0.6847]
844	:	[51]  ->  [11]  [0.3344, 0.5742]
845	:	[11]  ->  [75]  [0.3248, 0.6650]
846	:	[75]  ->  [11]  [0.3248, 0.5101]
847	:	[11]  ->  [76]  [0.3400, 0.6962]
848	:	[76]  ->  [11]  [0.3400, 0.5786]
849	:	[11]  ->  [71]  [0.3180, 0.6511]
850	:	[71]  ->  [11]  [0.3180, 0.5286]
851	:	[93]  ->  [19]  [0.3036, 0.6181]
852	:	[19]  ->  [93]  [0.3036, 0.6111]
853	:	[93]  ->  [32]  [0.3044, 0.6197]
854	:	[32]  ->  [93]  [0.3044, 0.6122]
855	:	[93]  ->  [78]  [0.3092, 0.6295]
856	:	[78]  ->  [93]  [0.3092, 0.6199]
857	:	[93]  ->  [96]  [0.3308, 0.6735]
858	:	[96]  ->  [93]  [0.3308, 0.6595]
859	:	[93]  ->  [53]  [0.3152, 0.6417]
860	:	[53]  ->  [93]  [0.3152, 0.6239]
861	:	[93]  ->  [89]  [0.3072, 0.6254]
862	:	[89]  ->  [93]  [0.3072, 0.6071]
863	:	[93]  ->  [35]  [0.3056, 0.6221]
864	:	[35]  ->  [93]  [0.3056, 0.5959]
865	:	[93]  ->  [23]  [0.3120, 0.6352]
866	:	[23]  ->  [93]  [0.3120, 0.6019]
867	:	[93]  ->  [84]  [0.3016, 0.6140]
868	:	[84]  ->  [93]  [0.3016, 0.5804]
869	:	[93]  ->  [60]  [0.3184, 0.6482]
870	:	[60]  ->  [93]  [0.3184, 0.6123]
871	:	[93]  ->  [5]  [0.3108, 0.6327]
872	:	[5]  ->  [93]  [0.3108, 0.5922]
873	:	[93]  ->  [91]  [0.3196, 0.6507]
874	:	[91]  ->  [93]  [0.3196, 0.6095]
875	:	[93]  ->  [37]  [0.3108, 0.6327]
876	:	[37]  ->  [93]  [0.3108, 0.5895]
877	:	[93]  ->  [73]  [0.3000, 0.6107]
878	:	[73]  ->  [93]  [0.3000, 0.5589]
879	:	[93]  ->  [68]  [0.3196, 0.6507]
880	:	[68]  ->  [93]  [0.3196, 0.5748]
881	:	[93]  ->  [62]  [0.3024, 0.6156]
882	:	[62]  ->  [93]  [0.3024, 0.5377]
883	:	[93]  ->  [29]  [0.3324, 0.6767]
884	:	[29]  ->  [93]  [0.3324, 0.5953]
885	:	[93]  ->  [52]  [0.3492, 0.7109]
886	:	[52]  ->  [93]  [0.3492, 0.6101]
887	:	[93]  ->  [49]  [0.3284, 0.6686]
888	:	[49]  ->  [93]  [0.3284, 0.5589]
889	:	[93]  ->  [45]  [0.3324, 0.6767]
890	:	[45]  ->  [93]  [0.3324, 0.5751]
891	:	[93]  ->  [51]  [0.3216, 0.6547]
892	:	[51]  ->  [93]  [0.3216, 0.5522]
893	:	[93]  ->  [67]  [0.3256, 0.6629]
894	:	[67]  ->  [93]  [0.3256, 0.5262]
895	:	[93]  ->  [75]  [0.3344, 0.6808]
896	:	[75]  ->  [93]  [0.3344, 0.5251]
897	:	[93]  ->  [76]  [0.3412, 0.6946]
898	:	[76]  ->  [93]  [0.3412, 0.5807]
899	:	[93]  ->  [71]  [0.3452, 0.7028]
900	:	[71]  ->  [93]  [0.3452, 0.5738]
901	:	[100]  ->  [32]  [0.3132, 0.6345]
902	:	[32]  ->  [100]  [0.3132, 0.6299]
903	:	[100]  ->  [89]  [0.3224, 0.6532]
904	:	[89]  ->  [100]  [0.3224, 0.6372]
905	:	[100]  ->  [33]  [0.3032, 0.6143]
906	:	[33]  ->  [100]  [0.3032, 0.5987]
907	:	[100]  ->  [60]  [0.3164, 0.6410]
908	:	[60]  ->  [100]  [0.3164, 0.6085]
909	:	[100]  ->  [5]  [0.3248, 0.6580]
910	:	[5]  ->  [100]  [0.3248, 0.6189]
911	:	[100]  ->  [31]  [0.3244, 0.6572]
912	:	[31]  ->  [100]  [0.3244, 0.6163]
913	:	[100]  ->  [91]  [0.3128, 0.6337]
914	:	[91]  ->  [100]  [0.3128, 0.5965]
915	:	[100]  ->  [37]  [0.3064, 0.6207]
916	:	[37]  ->  [100]  [0.3064, 0.5812]
917	:	[100]  ->  [10]  [0.3168, 0.6418]
918	:	[10]  ->  [100]  [0.3168, 0.5941]
919	:	[100]  ->  [68]  [0.3200, 0.6483]
920	:	[68]  ->  [100]  [0.3200, 0.5755]
921	:	[100]  ->  [62]  [0.3420, 0.6929]
922	:	[62]  ->  [100]  [0.3420, 0.6081]
923	:	[100]  ->  [29]  [0.3276, 0.6637]
924	:	[29]  ->  [100]  [0.3276, 0.5867]
925	:	[100]  ->  [52]  [0.3184, 0.6451]
926	:	[52]  ->  [100]  [0.3184, 0.5563]
927	:	[100]  ->  [49]  [0.3540, 0.7172]
928	:	[49]  ->  [100]  [0.3540, 0.6025]
929	:	[100]  ->  [45]  [0.3172, 0.6426]
930	:	[45]  ->  [100]  [0.3172, 0.5488]
931	:	[100]  ->  [51]  [0.3492, 0.7075]
932	:	[51]  ->  [100]  [0.3492, 0.5996]
933	:	[100]  ->  [67]  [0.3768, 0.7634]
934	:	[67]  ->  [100]  [0.3768, 0.6089]
935	:	[100]  ->  [67, 71]  [0.3068, 0.6216]
936	:	[67, 71]  ->  [100]  [0.3068, 0.7188]
937	:	[100, 71]  ->  [67]  [0.3068, 0.8319]
938	:	[100, 67]  ->  [71]  [0.3068, 0.8142]
939	:	[71]  ->  [100, 67]  [0.3068, 0.5100]
940	:	[100]  ->  [75]  [0.3128, 0.6337]
941	:	[100]  ->  [76]  [0.3292, 0.6669]
942	:	[76]  ->  [100]  [0.3292, 0.5602]
943	:	[100]  ->  [71]  [0.3688, 0.7472]
944	:	[71]  ->  [100]  [0.3688, 0.6130]
945	:	[19]  ->  [96]  [0.3056, 0.6151]
946	:	[96]  ->  [19]  [0.3056, 0.6093]
947	:	[19]  ->  [53]  [0.3044, 0.6127]
948	:	[53]  ->  [19]  [0.3044, 0.6025]
949	:	[19]  ->  [35]  [0.3216, 0.6473]
950	:	[35]  ->  [19]  [0.3216, 0.6271]
951	:	[19]  ->  [23]  [0.3008, 0.6055]
952	:	[23]  ->  [19]  [0.3008, 0.5802]
953	:	[19]  ->  [84]  [0.3076, 0.6192]
954	:	[84]  ->  [19]  [0.3076, 0.5920]
955	:	[19]  ->  [60]  [0.3212, 0.6465]
956	:	[60]  ->  [19]  [0.3212, 0.6177]
957	:	[19]  ->  [5]  [0.3060, 0.6159]
958	:	[5]  ->  [19]  [0.3060, 0.5831]
959	:	[19]  ->  [31]  [0.3060, 0.6159]
960	:	[31]  ->  [19]  [0.3060, 0.5813]
961	:	[19]  ->  [91]  [0.3128, 0.6296]
962	:	[91]  ->  [19]  [0.3128, 0.5965]
963	:	[19]  ->  [37]  [0.3044, 0.6127]
964	:	[37]  ->  [19]  [0.3044, 0.5774]
965	:	[19]  ->  [73]  [0.3012, 0.6063]
966	:	[73]  ->  [19]  [0.3012, 0.5611]
967	:	[19]  ->  [68]  [0.3084, 0.6208]
968	:	[68]  ->  [19]  [0.3084, 0.5547]
969	:	[19]  ->  [62]  [0.3112, 0.6264]
970	:	[62]  ->  [19]  [0.3112, 0.5533]
971	:	[19]  ->  [29]  [0.3260, 0.6562]
972	:	[29]  ->  [19]  [0.3260, 0.5838]
973	:	[19]  ->  [52]  [0.3408, 0.6860]
974	:	[52]  ->  [19]  [0.3408, 0.5954]
975	:	[19]  ->  [49]  [0.3444, 0.6932]
976	:	[49]  ->  [19]  [0.3444, 0.5861]
977	:	[19]  ->  [45]  [0.3080, 0.6200]
978	:	[45]  ->  [19]  [0.3080, 0.5329]
979	:	[19]  ->  [51]  [0.3192, 0.6425]
980	:	[51]  ->  [19]  [0.3192, 0.5481]
981	:	[19]  ->  [67]  [0.3320, 0.6683]
982	:	[67]  ->  [19]  [0.3320, 0.5365]
983	:	[19]  ->  [75]  [0.3424, 0.6892]
984	:	[75]  ->  [19]  [0.3424, 0.5377]
985	:	[19]  ->  [76]  [0.3336, 0.6715]
986	:	[76]  ->  [19]  [0.3336, 0.5677]
987	:	[19]  ->  [71]  [0.3504, 0.7053]
988	:	[71]  ->  [19]  [0.3504, 0.5824]
989	:	[32]  ->  [53]  [0.3092, 0.6219]
990	:	[53]  ->  [32]  [0.3092, 0.6120]
991	:	[32]  ->  [33]  [0.3044, 0.6122]
992	:	[33]  ->  [32]  [0.3044, 0.6011]
993	:	[32]  ->  [35]  [0.3012, 0.6058]
994	:	[35]  ->  [32]  [0.3012, 0.5874]
995	:	[32]  ->  [23]  [0.3068, 0.6171]
996	:	[23]  ->  [32]  [0.3068, 0.5918]
997	:	[32]  ->  [84]  [0.3176, 0.6388]
998	:	[84]  ->  [32]  [0.3176, 0.6112]
999	:	[32]  ->  [5]  [0.3136, 0.6307]
1000	:	[5]  ->  [32]  [0.3136, 0.5976]
1001	:	[32]  ->  [4]  [0.3064, 0.6163]
1002	:	[4]  ->  [32]  [0.3064, 0.5843]
1003	:	[32]  ->  [73]  [0.3112, 0.6259]
1004	:	[73]  ->  [32]  [0.3112, 0.5797]
1005	:	[32]  ->  [10]  [0.3252, 0.6541]
1006	:	[10]  ->  [32]  [0.3252, 0.6099]
1007	:	[32]  ->  [68]  [0.3384, 0.6806]
1008	:	[68]  ->  [32]  [0.3384, 0.6086]
1009	:	[32]  ->  [62]  [0.3212, 0.6460]
1010	:	[62]  ->  [32]  [0.3212, 0.5711]
1011	:	[32]  ->  [52]  [0.3112, 0.6259]
1012	:	[52]  ->  [32]  [0.3112, 0.5437]
1013	:	[32]  ->  [49]  [0.3252, 0.6541]
1014	:	[49]  ->  [32]  [0.3252, 0.5534]
1015	:	[32]  ->  [45]  [0.3412, 0.6862]
1016	:	[45]  ->  [32]  [0.3412, 0.5903]
1017	:	[32]  ->  [51]  [0.3200, 0.6436]
1018	:	[51]  ->  [32]  [0.3200, 0.5495]
1019	:	[32]  ->  [67]  [0.3096, 0.6227]
1020	:	[67]  ->  [32]  [0.3096, 0.5003]
1021	:	[32]  ->  [75]  [0.3540, 0.7120]
1022	:	[75]  ->  [32]  [0.3540, 0.5559]
1023	:	[32]  ->  [76]  [0.3188, 0.6412]
1024	:	[76]  ->  [32]  [0.3188, 0.5425]
1025	:	[32]  ->  [71]  [0.3352, 0.6742]
1026	:	[71]  ->  [32]  [0.3352, 0.5572]
1027	:	[78]  ->  [96]  [0.3100, 0.6215]
1028	:	[96]  ->  [78]  [0.3100, 0.6180]
1029	:	[78]  ->  [53]  [0.3076, 0.6167]
1030	:	[53]  ->  [78]  [0.3076, 0.6089]
1031	:	[78]  ->  [33]  [0.3076, 0.6167]
1032	:	[33]  ->  [78]  [0.3076, 0.6074]
1033	:	[78]  ->  [5]  [0.3112, 0.6239]
1034	:	[5]  ->  [78]  [0.3112, 0.5930]
1035	:	[78]  ->  [31]  [0.3352, 0.6720]
1036	:	[31]  ->  [78]  [0.3352, 0.6368]
1037	:	[78]  ->  [91]  [0.3016, 0.6047]
1038	:	[91]  ->  [78]  [0.3016, 0.5751]
1039	:	[78]  ->  [4]  [0.3036, 0.6087]
1040	:	[4]  ->  [78]  [0.3036, 0.5789]
1041	:	[78]  ->  [37]  [0.3300, 0.6616]
1042	:	[37]  ->  [78]  [0.3300, 0.6259]
1043	:	[78]  ->  [73]  [0.3140, 0.6295]
1044	:	[73]  ->  [78]  [0.3140, 0.5849]
1045	:	[78]  ->  [10]  [0.3048, 0.6111]
1046	:	[10]  ->  [78]  [0.3048, 0.5716]
1047	:	[78]  ->  [68]  [0.3176, 0.6367]
1048	:	[68]  ->  [78]  [0.3176, 0.5712]
1049	:	[78]  ->  [62]  [0.3172, 0.6359]
1050	:	[62]  ->  [78]  [0.3172, 0.5640]
1051	:	[78]  ->  [29]  [0.3160, 0.6335]
1052	:	[29]  ->  [78]  [0.3160, 0.5659]
1053	:	[78]  ->  [52]  [0.3280, 0.6576]
1054	:	[52]  ->  [78]  [0.3280, 0.5730]
1055	:	[78]  ->  [49]  [0.3004, 0.6022]
1056	:	[49]  ->  [78]  [0.3004, 0.5112]
1057	:	[78]  ->  [45]  [0.3340, 0.6696]
1058	:	[45]  ->  [78]  [0.3340, 0.5779]
1059	:	[78]  ->  [51]  [0.3088, 0.6191]
1060	:	[51]  ->  [78]  [0.3088, 0.5302]
1061	:	[78]  ->  [67]  [0.3312, 0.6640]
1062	:	[67]  ->  [78]  [0.3312, 0.5352]
1063	:	[78]  ->  [75]  [0.3488, 0.6993]
1064	:	[75]  ->  [78]  [0.3488, 0.5477]
1065	:	[78]  ->  [76]  [0.3500, 0.7017]
1066	:	[76]  ->  [78]  [0.3500, 0.5956]
1067	:	[78]  ->  [71]  [0.3556, 0.7129]
1068	:	[71]  ->  [78]  [0.3556, 0.5911]
1069	:	[36]  ->  [96]  [0.3304, 0.6619]
1070	:	[96]  ->  [36]  [0.3304, 0.6587]
1071	:	[36]  ->  [89]  [0.3184, 0.6378]
1072	:	[89]  ->  [36]  [0.3184, 0.6292]
1073	:	[36]  ->  [23]  [0.3000, 0.6010]
1074	:	[23]  ->  [36]  [0.3000, 0.5787]
1075	:	[36]  ->  [60]  [0.3172, 0.6354]
1076	:	[60]  ->  [36]  [0.3172, 0.6100]
1077	:	[36]  ->  [5]  [0.3104, 0.6218]
1078	:	[5]  ->  [36]  [0.3104, 0.5915]
1079	:	[36]  ->  [31]  [0.3076, 0.6162]
1080	:	[31]  ->  [36]  [0.3076, 0.5843]
1081	:	[36]  ->  [91]  [0.3088, 0.6186]
1082	:	[91]  ->  [36]  [0.3088, 0.5889]
1083	:	[36]  ->  [4]  [0.3112, 0.6234]
1084	:	[4]  ->  [36]  [0.3112, 0.5934]
1085	:	[36]  ->  [37]  [0.3116, 0.6242]
1086	:	[37]  ->  [36]  [0.3116, 0.5910]
1087	:	[36]  ->  [73]  [0.3220, 0.6450]
1088	:	[73]  ->  [36]  [0.3220, 0.5999]
1089	:	[36]  ->  [10]  [0.3264, 0.6538]
1090	:	[10]  ->  [36]  [0.3264, 0.6122]
1091	:	[36]  ->  [68]  [0.3304, 0.6619]
1092	:	[68]  ->  [36]  [0.3304, 0.5942]
1093	:	[36]  ->  [62]  [0.3188, 0.6386]
1094	:	[62]  ->  [36]  [0.3188, 0.5669]
1095	:	[36]  ->  [29]  [0.3228, 0.6466]
1096	:	[29]  ->  [36]  [0.3228, 0.5781]
1097	:	[36]  ->  [52]  [0.3592, 0.7196]
1098	:	[52]  ->  [36]  [0.3592, 0.6275]
1099	:	[36]  ->  [49]  [0.3372, 0.6755]
1100	:	[49]  ->  [36]  [0.3372, 0.5739]
1101	:	[36]  ->  [45]  [0.3508, 0.7027]
1102	:	[45]  ->  [36]  [0.3508, 0.6069]
1103	:	[36]  ->  [51]  [0.3392, 0.6795]
1104	:	[51]  ->  [36]  [0.3392, 0.5824]
1105	:	[36]  ->  [67]  [0.3660, 0.7332]
1106	:	[67]  ->  [36]  [0.3660, 0.5915]
1107	:	[36]  ->  [75]  [0.3084, 0.6178]
1108	:	[36]  ->  [76]  [0.3264, 0.6538]
1109	:	[76]  ->  [36]  [0.3264, 0.5555]
1110	:	[36]  ->  [71]  [0.3656, 0.7324]
1111	:	[71]  ->  [36]  [0.3656, 0.6077]
1112	:	[96]  ->  [53]  [0.3180, 0.6340]
1113	:	[53]  ->  [96]  [0.3180, 0.6295]
1114	:	[96]  ->  [89]  [0.3236, 0.6451]
1115	:	[89]  ->  [96]  [0.3236, 0.6395]
1116	:	[96]  ->  [35]  [0.3204, 0.6388]
1117	:	[35]  ->  [96]  [0.3204, 0.6248]
1118	:	[96]  ->  [23]  [0.3080, 0.6140]
1119	:	[23]  ->  [96]  [0.3080, 0.5941]
1120	:	[96]  ->  [5]  [0.3200, 0.6380]
1121	:	[5]  ->  [96]  [0.3200, 0.6098]
1122	:	[96]  ->  [31]  [0.3196, 0.6372]
1123	:	[31]  ->  [96]  [0.3196, 0.6071]
1124	:	[96]  ->  [91]  [0.3296, 0.6571]
1125	:	[91]  ->  [96]  [0.3296, 0.6285]
1126	:	[96]  ->  [4]  [0.3000, 0.5981]
1127	:	[4]  ->  [96]  [0.3000, 0.5721]
1128	:	[96]  ->  [37]  [0.3156, 0.6292]
1129	:	[37]  ->  [96]  [0.3156, 0.5986]
1130	:	[96]  ->  [73]  [0.3060, 0.6100]
1131	:	[73]  ->  [96]  [0.3060, 0.5700]
1132	:	[96]  ->  [10]  [0.3240, 0.6459]
1133	:	[10]  ->  [96]  [0.3240, 0.6077]
1134	:	[96]  ->  [68]  [0.3296, 0.6571]
1135	:	[68]  ->  [96]  [0.3296, 0.5928]
1136	:	[96]  ->  [62]  [0.3324, 0.6627]
1137	:	[62]  ->  [96]  [0.3324, 0.5910]
1138	:	[96]  ->  [29]  [0.3208, 0.6396]
1139	:	[29]  ->  [96]  [0.3208, 0.5745]
1140	:	[96]  ->  [52]  [0.3320, 0.6619]
1141	:	[52]  ->  [96]  [0.3320, 0.5800]
1142	:	[96]  ->  [49]  [0.3380, 0.6738]
1143	:	[49]  ->  [96]  [0.3380, 0.5752]
1144	:	[96]  ->  [45]  [0.3552, 0.7081]
1145	:	[45]  ->  [96]  [0.3552, 0.6145]
1146	:	[96]  ->  [51]  [0.3276, 0.6531]
1147	:	[51]  ->  [96]  [0.3276, 0.5625]
1148	:	[96]  ->  [67]  [0.3404, 0.6786]
1149	:	[67]  ->  [96]  [0.3404, 0.5501]
1150	:	[96]  ->  [75]  [0.3316, 0.6611]
1151	:	[75]  ->  [96]  [0.3316, 0.5207]
1152	:	[96]  ->  [76]  [0.3376, 0.6730]
1153	:	[76]  ->  [96]  [0.3376, 0.5745]
1154	:	[96]  ->  [71]  [0.3580, 0.7137]
1155	:	[71]  ->  [96]  [0.3580, 0.5951]
1156	:	[53]  ->  [89]  [0.3164, 0.6263]
1157	:	[89]  ->  [53]  [0.3164, 0.6253]
1158	:	[53]  ->  [35]  [0.3008, 0.5954]
1159	:	[35]  ->  [53]  [0.3008, 0.5866]
1160	:	[53]  ->  [84]  [0.3404, 0.6738]
1161	:	[84]  ->  [53]  [0.3404, 0.6551]
1162	:	[53]  ->  [5]  [0.3132, 0.6200]
1163	:	[5]  ->  [53]  [0.3132, 0.5968]
1164	:	[53]  ->  [31]  [0.3484, 0.6896]
1165	:	[31]  ->  [53]  [0.3484, 0.6619]
1166	:	[53]  ->  [4]  [0.3108, 0.6152]
1167	:	[4]  ->  [53]  [0.3108, 0.5927]
1168	:	[53]  ->  [37]  [0.3076, 0.6089]
1169	:	[37]  ->  [53]  [0.3076, 0.5835]
1170	:	[53]  ->  [73]  [0.3120, 0.6176]
1171	:	[73]  ->  [53]  [0.3120, 0.5812]
1172	:	[53]  ->  [10]  [0.3320, 0.6572]
1173	:	[10]  ->  [53]  [0.3320, 0.6227]
1174	:	[53]  ->  [68]  [0.3144, 0.6223]
1175	:	[68]  ->  [53]  [0.3144, 0.5655]
1176	:	[53]  ->  [62]  [0.3296, 0.6524]
1177	:	[62]  ->  [53]  [0.3296, 0.5861]
1178	:	[53]  ->  [29]  [0.3328, 0.6587]
1179	:	[29]  ->  [53]  [0.3328, 0.5960]
1180	:	[53]  ->  [52]  [0.3292, 0.6516]
1181	:	[52]  ->  [53]  [0.3292, 0.5751]
1182	:	[53]  ->  [49]  [0.3156, 0.6247]
1183	:	[49]  ->  [53]  [0.3156, 0.5371]
1184	:	[53]  ->  [45]  [0.3424, 0.6778]
1185	:	[45]  ->  [53]  [0.3424, 0.5924]
1186	:	[53]  ->  [67]  [0.3328, 0.6587]
1187	:	[67]  ->  [53]  [0.3328, 0.5378]
1188	:	[53]  ->  [75]  [0.3432, 0.6793]
1189	:	[75]  ->  [53]  [0.3432, 0.5389]
1190	:	[53]  ->  [76]  [0.3284, 0.6500]
1191	:	[76]  ->  [53]  [0.3284, 0.5589]
1192	:	[53]  ->  [71]  [0.3524, 0.6975]
1193	:	[71]  ->  [53]  [0.3524, 0.5858]
1194	:	[89]  ->  [35]  [0.3036, 0.6000]
1195	:	[35]  ->  [89]  [0.3036, 0.5920]
1196	:	[89]  ->  [23]  [0.3260, 0.6443]
1197	:	[23]  ->  [89]  [0.3260, 0.6289]
1198	:	[89]  ->  [84]  [0.3072, 0.6071]
1199	:	[84]  ->  [89]  [0.3072, 0.5912]
1200	:	[89]  ->  [5]  [0.3052, 0.6032]
1201	:	[5]  ->  [89]  [0.3052, 0.5816]
1202	:	[89]  ->  [31]  [0.3188, 0.6300]
1203	:	[31]  ->  [89]  [0.3188, 0.6056]
1204	:	[89]  ->  [91]  [0.3184, 0.6292]
1205	:	[91]  ->  [89]  [0.3184, 0.6072]
1206	:	[89]  ->  [4]  [0.3112, 0.6150]
1207	:	[4]  ->  [89]  [0.3112, 0.5934]
1208	:	[89]  ->  [37]  [0.3252, 0.6427]
1209	:	[37]  ->  [89]  [0.3252, 0.6168]
1210	:	[89]  ->  [73]  [0.3016, 0.5960]
1211	:	[73]  ->  [89]  [0.3016, 0.5618]
1212	:	[89]  ->  [10]  [0.3336, 0.6593]
1213	:	[10]  ->  [89]  [0.3336, 0.6257]
1214	:	[89]  ->  [68]  [0.3248, 0.6419]
1215	:	[68]  ->  [89]  [0.3248, 0.5842]
1216	:	[89]  ->  [62]  [0.3440, 0.6798]
1217	:	[62]  ->  [89]  [0.3440, 0.6117]
1218	:	[89]  ->  [29]  [0.3232, 0.6387]
1219	:	[29]  ->  [89]  [0.3232, 0.5788]
1220	:	[89]  ->  [52]  [0.3384, 0.6688]
1221	:	[52]  ->  [89]  [0.3384, 0.5912]
1222	:	[89]  ->  [49]  [0.3600, 0.7115]
1223	:	[49]  ->  [89]  [0.3600, 0.6127]
1224	:	[89]  ->  [45]  [0.3724, 0.7360]
1225	:	[45]  ->  [89]  [0.3724, 0.6443]
1226	:	[89]  ->  [51]  [0.3380, 0.6680]
1227	:	[51]  ->  [89]  [0.3380, 0.5804]
1228	:	[89]  ->  [67]  [0.3356, 0.6632]
1229	:	[67]  ->  [89]  [0.3356, 0.5423]
1230	:	[89]  ->  [75]  [0.3368, 0.6656]
1231	:	[75]  ->  [89]  [0.3368, 0.5289]
1232	:	[89]  ->  [76]  [0.3444, 0.6806]
1233	:	[76]  ->  [89]  [0.3444, 0.5861]
1234	:	[89]  ->  [71]  [0.3636, 0.7186]
1235	:	[71]  ->  [89]  [0.3636, 0.6044]
1236	:	[33]  ->  [35]  [0.3208, 0.6335]
1237	:	[35]  ->  [33]  [0.3208, 0.6256]
1238	:	[33]  ->  [23]  [0.3244, 0.6406]
1239	:	[23]  ->  [33]  [0.3244, 0.6258]
1240	:	[33]  ->  [84]  [0.3076, 0.6074]
1241	:	[84]  ->  [33]  [0.3076, 0.5920]
1242	:	[33]  ->  [60]  [0.3048, 0.6019]
1243	:	[60]  ->  [33]  [0.3048, 0.5862]
1244	:	[33]  ->  [5]  [0.3092, 0.6106]
1245	:	[5]  ->  [33]  [0.3092, 0.5892]
1246	:	[33]  ->  [91]  [0.3040, 0.6003]
1247	:	[91]  ->  [33]  [0.3040, 0.5797]
1248	:	[33]  ->  [4]  [0.3452, 0.6817]
1249	:	[4]  ->  [33]  [0.3452, 0.6583]
1250	:	[33]  ->  [37]  [0.3224, 0.6367]
1251	:	[37]  ->  [33]  [0.3224, 0.6115]
1252	:	[33]  ->  [73]  [0.3244, 0.6406]
1253	:	[73]  ->  [33]  [0.3244, 0.6043]
1254	:	[33]  ->  [10]  [0.3300, 0.6517]
1255	:	[10]  ->  [33]  [0.3300, 0.6189]
1256	:	[33]  ->  [68]  [0.3148, 0.6216]
1257	:	[68]  ->  [33]  [0.3148, 0.5662]
1258	:	[33]  ->  [62]  [0.3280, 0.6477]
1259	:	[62]  ->  [33]  [0.3280, 0.5832]
1260	:	[33]  ->  [29]  [0.3120, 0.6161]
1261	:	[29]  ->  [33]  [0.3120, 0.5587]
1262	:	[33]  ->  [52]  [0.3348, 0.6611]
1263	:	[52]  ->  [33]  [0.3348, 0.5849]
1264	:	[33]  ->  [49]  [0.3400, 0.6714]
1265	:	[49]  ->  [33]  [0.3400, 0.5786]
1266	:	[33]  ->  [45]  [0.3308, 0.6532]
1267	:	[45]  ->  [33]  [0.3308, 0.5723]
1268	:	[33]  ->  [51]  [0.3412, 0.6738]
1269	:	[51]  ->  [33]  [0.3412, 0.5859]
1270	:	[33]  ->  [67]  [0.3292, 0.6501]
1271	:	[67]  ->  [33]  [0.3292, 0.5320]
1272	:	[33]  ->  [75]  [0.3364, 0.6643]
1273	:	[75]  ->  [33]  [0.3364, 0.5283]
1274	:	[33]  ->  [76]  [0.3352, 0.6619]
1275	:	[76]  ->  [33]  [0.3352, 0.5705]
1276	:	[33]  ->  [71]  [0.3500, 0.6912]
1277	:	[71]  ->  [33]  [0.3500, 0.5818]
1278	:	[35]  ->  [23]  [0.3152, 0.6147]
1279	:	[23]  ->  [35]  [0.3152, 0.6080]
1280	:	[35]  ->  [84]  [0.3736, 0.7285]
1281	:	[84]  ->  [35]  [0.3736, 0.7190]
1282	:	[35]  ->  [60]  [0.3208, 0.6256]
1283	:	[60]  ->  [35]  [0.3208, 0.6169]
1284	:	[35]  ->  [31]  [0.3032, 0.5913]
1285	:	[31]  ->  [35]  [0.3032, 0.5760]
1286	:	[35]  ->  [91]  [0.3072, 0.5991]
1287	:	[91]  ->  [35]  [0.3072, 0.5858]
1288	:	[35]  ->  [4]  [0.3392, 0.6615]
1289	:	[4]  ->  [35]  [0.3392, 0.6468]
1290	:	[35]  ->  [37]  [0.3204, 0.6248]
1291	:	[37]  ->  [35]  [0.3204, 0.6077]
1292	:	[35]  ->  [10]  [0.3316, 0.6466]
1293	:	[10]  ->  [35]  [0.3316, 0.6219]
1294	:	[35]  ->  [68]  [0.3376, 0.6583]
1295	:	[68]  ->  [35]  [0.3376, 0.6072]
1296	:	[35]  ->  [62]  [0.3088, 0.6022]
1297	:	[62]  ->  [35]  [0.3088, 0.5491]
1298	:	[35]  ->  [29]  [0.3440, 0.6708]
1299	:	[29]  ->  [35]  [0.3440, 0.6160]
1300	:	[35]  ->  [52]  [0.3328, 0.6490]
1301	:	[52]  ->  [35]  [0.3328, 0.5814]
1302	:	[35]  ->  [49]  [0.3324, 0.6482]
1303	:	[49]  ->  [35]  [0.3324, 0.5657]
1304	:	[35]  ->  [45]  [0.3240, 0.6318]
1305	:	[45]  ->  [35]  [0.3240, 0.5606]
1306	:	[35]  ->  [51]  [0.3552, 0.6927]
1307	:	[51]  ->  [35]  [0.3552, 0.6099]
1308	:	[35]  ->  [67]  [0.3248, 0.6334]
1309	:	[67]  ->  [35]  [0.3248, 0.5249]
1310	:	[35]  ->  [75]  [0.3344, 0.6521]
1311	:	[75]  ->  [35]  [0.3344, 0.5251]
1312	:	[35]  ->  [76]  [0.3340, 0.6513]
1313	:	[76]  ->  [35]  [0.3340, 0.5684]
1314	:	[35]  ->  [71]  [0.3680, 0.7176]
1315	:	[71]  ->  [35]  [0.3680, 0.6117]
1316	:	[23]  ->  [84]  [0.3324, 0.6412]
1317	:	[84]  ->  [23]  [0.3324, 0.6397]
1318	:	[23]  ->  [60]  [0.3264, 0.6296]
1319	:	[60]  ->  [23]  [0.3264, 0.6277]
1320	:	[23]  ->  [5]  [0.3444, 0.6644]
1321	:	[5]  ->  [23]  [0.3444, 0.6563]
1322	:	[23]  ->  [31]  [0.3196, 0.6165]
1323	:	[31]  ->  [23]  [0.3196, 0.6071]
1324	:	[23]  ->  [91]  [0.3172, 0.6119]
1325	:	[91]  ->  [23]  [0.3172, 0.6049]
1326	:	[23]  ->  [4]  [0.3164, 0.6103]
1327	:	[4]  ->  [23]  [0.3164, 0.6034]
1328	:	[23]  ->  [37]  [0.3372, 0.6505]
1329	:	[37]  ->  [23]  [0.3372, 0.6396]
1330	:	[23]  ->  [73]  [0.3388, 0.6535]
1331	:	[73]  ->  [23]  [0.3388, 0.6311]
1332	:	[23]  ->  [10]  [0.3324, 0.6412]
1333	:	[10]  ->  [23]  [0.3324, 0.6234]
1334	:	[23]  ->  [68]  [0.3300, 0.6366]
1335	:	[68]  ->  [23]  [0.3300, 0.5935]
1336	:	[23]  ->  [62]  [0.3428, 0.6613]
1337	:	[62]  ->  [23]  [0.3428, 0.6095]
1338	:	[23]  ->  [29]  [0.3348, 0.6458]
1339	:	[29]  ->  [23]  [0.3348, 0.5996]
1340	:	[23]  ->  [52]  [0.3440, 0.6636]
1341	:	[52]  ->  [23]  [0.3440, 0.6010]
1342	:	[23]  ->  [49]  [0.3344, 0.6451]
1343	:	[49]  ->  [23]  [0.3344, 0.5691]
1344	:	[23]  ->  [45]  [0.3196, 0.6165]
1345	:	[45]  ->  [23]  [0.3196, 0.5529]
1346	:	[23]  ->  [51]  [0.3516, 0.6782]
1347	:	[51]  ->  [23]  [0.3516, 0.6037]
1348	:	[23]  ->  [67]  [0.3312, 0.6389]
1349	:	[67]  ->  [23]  [0.3312, 0.5352]
1350	:	[23]  ->  [75]  [0.3436, 0.6628]
1351	:	[75]  ->  [23]  [0.3436, 0.5396]
1352	:	[23]  ->  [76]  [0.3516, 0.6782]
1353	:	[76]  ->  [23]  [0.3516, 0.5984]
1354	:	[23]  ->  [71]  [0.3440, 0.6636]
1355	:	[71]  ->  [23]  [0.3440, 0.5718]
1356	:	[84]  ->  [60]  [0.3060, 0.5889]
1357	:	[60]  ->  [84]  [0.3060, 0.5885]
1358	:	[84]  ->  [31]  [0.3328, 0.6405]
1359	:	[31]  ->  [84]  [0.3328, 0.6322]
1360	:	[84]  ->  [91]  [0.3492, 0.6721]
1361	:	[91]  ->  [84]  [0.3492, 0.6659]
1362	:	[84]  ->  [4]  [0.3376, 0.6497]
1363	:	[4]  ->  [84]  [0.3376, 0.6438]
1364	:	[84]  ->  [37]  [0.3288, 0.6328]
1365	:	[37]  ->  [84]  [0.3288, 0.6237]
1366	:	[84]  ->  [73]  [0.3128, 0.6020]
1367	:	[73]  ->  [84]  [0.3128, 0.5827]
1368	:	[84]  ->  [10]  [0.3044, 0.5858]
1369	:	[10]  ->  [84]  [0.3044, 0.5709]
1370	:	[84]  ->  [68]  [0.3420, 0.6582]
1371	:	[68]  ->  [84]  [0.3420, 0.6151]
1372	:	[84]  ->  [62]  [0.3332, 0.6413]
1373	:	[62]  ->  [84]  [0.3332, 0.5925]
1374	:	[84]  ->  [29]  [0.3400, 0.6543]
1375	:	[29]  ->  [84]  [0.3400, 0.6089]
1376	:	[84]  ->  [52]  [0.3240, 0.6236]
1377	:	[52]  ->  [84]  [0.3240, 0.5660]
1378	:	[84]  ->  [49]  [0.3472, 0.6682]
1379	:	[49]  ->  [84]  [0.3472, 0.5909]
1380	:	[84]  ->  [45]  [0.3208, 0.6174]
1381	:	[45]  ->  [84]  [0.3208, 0.5550]
1382	:	[84]  ->  [51]  [0.3620, 0.6967]
1383	:	[51]  ->  [84]  [0.3620, 0.6216]
1384	:	[84]  ->  [67]  [0.3344, 0.6436]
1385	:	[67]  ->  [84]  [0.3344, 0.5404]
1386	:	[84]  ->  [75]  [0.3624, 0.6975]
1387	:	[75]  ->  [84]  [0.3624, 0.5691]
1388	:	[84]  ->  [76]  [0.3608, 0.6944]
1389	:	[76]  ->  [84]  [0.3608, 0.6140]
1390	:	[84]  ->  [71]  [0.3664, 0.7052]
1391	:	[71]  ->  [84]  [0.3664, 0.6090]
1392	:	[60]  ->  [5]  [0.3156, 0.6069]
1393	:	[5]  ->  [60]  [0.3156, 0.6014]
1394	:	[60]  ->  [31]  [0.3148, 0.6054]
1395	:	[31]  ->  [60]  [0.3148, 0.5980]
1396	:	[60]  ->  [91]  [0.3368, 0.6477]
1397	:	[91]  ->  [60]  [0.3368, 0.6423]
1398	:	[60]  ->  [37]  [0.3368, 0.6477]
1399	:	[37]  ->  [60]  [0.3368, 0.6388]
1400	:	[60]  ->  [73]  [0.3224, 0.6200]
1401	:	[73]  ->  [60]  [0.3224, 0.6006]
1402	:	[60]  ->  [10]  [0.3280, 0.6308]
1403	:	[10]  ->  [60]  [0.3280, 0.6152]
1404	:	[60]  ->  [68]  [0.3264, 0.6277]
1405	:	[68]  ->  [60]  [0.3264, 0.5871]
1406	:	[60]  ->  [62]  [0.3140, 0.6038]
1407	:	[62]  ->  [60]  [0.3140, 0.5583]
1408	:	[60]  ->  [29]  [0.3488, 0.6708]
1409	:	[29]  ->  [60]  [0.3488, 0.6246]
1410	:	[60]  ->  [52]  [0.3368, 0.6477]
1411	:	[52]  ->  [60]  [0.3368, 0.5884]
1412	:	[60]  ->  [49]  [0.3264, 0.6277]
1413	:	[49]  ->  [60]  [0.3264, 0.5555]
1414	:	[60]  ->  [45]  [0.3104, 0.5969]
1415	:	[45]  ->  [60]  [0.3104, 0.5370]
1416	:	[60]  ->  [51]  [0.3680, 0.7077]
1417	:	[51]  ->  [60]  [0.3680, 0.6319]
1418	:	[60]  ->  [67]  [0.3472, 0.6677]
1419	:	[67]  ->  [60]  [0.3472, 0.5611]
1420	:	[60]  ->  [75]  [0.3108, 0.5977]
1421	:	[60]  ->  [76]  [0.3528, 0.6785]
1422	:	[76]  ->  [60]  [0.3528, 0.6004]
1423	:	[60]  ->  [71]  [0.3876, 0.7454]
1424	:	[71]  ->  [60]  [0.3876, 0.6443]
1425	:	[5]  ->  [31]  [0.3248, 0.6189]
1426	:	[31]  ->  [5]  [0.3248, 0.6170]
1427	:	[5]  ->  [91]  [0.3412, 0.6502]
1428	:	[91]  ->  [5]  [0.3412, 0.6506]
1429	:	[5]  ->  [4]  [0.3152, 0.6006]
1430	:	[4]  ->  [5]  [0.3152, 0.6011]
1431	:	[5]  ->  [37]  [0.3060, 0.5831]
1432	:	[37]  ->  [5]  [0.3060, 0.5804]
1433	:	[5]  ->  [73]  [0.3036, 0.5785]
1434	:	[73]  ->  [5]  [0.3036, 0.5656]
1435	:	[5]  ->  [10]  [0.3128, 0.5960]
1436	:	[10]  ->  [5]  [0.3128, 0.5866]
1437	:	[5]  ->  [68]  [0.3588, 0.6837]
1438	:	[68]  ->  [5]  [0.3588, 0.6453]
1439	:	[5]  ->  [62]  [0.3472, 0.6616]
1440	:	[62]  ->  [5]  [0.3472, 0.6174]
1441	:	[5]  ->  [29]  [0.3472, 0.6616]
1442	:	[29]  ->  [5]  [0.3472, 0.6218]
1443	:	[5]  ->  [52]  [0.3668, 0.6989]
1444	:	[52]  ->  [5]  [0.3668, 0.6408]
1445	:	[5]  ->  [49]  [0.3500, 0.6669]
1446	:	[49]  ->  [5]  [0.3500, 0.5956]
1447	:	[5]  ->  [45]  [0.3676, 0.7005]
1448	:	[45]  ->  [5]  [0.3676, 0.6360]
1449	:	[5]  ->  [51]  [0.3232, 0.6159]
1450	:	[51]  ->  [5]  [0.3232, 0.5549]
1451	:	[5]  ->  [67]  [0.3640, 0.6936]
1452	:	[67]  ->  [5]  [0.3640, 0.5882]
1453	:	[5]  ->  [75]  [0.3428, 0.6532]
1454	:	[75]  ->  [5]  [0.3428, 0.5383]
1455	:	[5]  ->  [76]  [0.3468, 0.6608]
1456	:	[76]  ->  [5]  [0.3468, 0.5902]
1457	:	[5]  ->  [71]  [0.3720, 0.7088]
1458	:	[71]  ->  [5]  [0.3720, 0.6184]
1459	:	[31]  ->  [91]  [0.3036, 0.5767]
1460	:	[91]  ->  [31]  [0.3036, 0.5789]
1461	:	[31]  ->  [4]  [0.3440, 0.6535]
1462	:	[4]  ->  [31]  [0.3440, 0.6560]
1463	:	[31]  ->  [37]  [0.3376, 0.6413]
1464	:	[37]  ->  [31]  [0.3376, 0.6404]
1465	:	[31]  ->  [73]  [0.3276, 0.6223]
1466	:	[73]  ->  [31]  [0.3276, 0.6103]
1467	:	[31]  ->  [10]  [0.3468, 0.6588]
1468	:	[10]  ->  [31]  [0.3468, 0.6504]
1469	:	[31]  ->  [68]  [0.3440, 0.6535]
1470	:	[68]  ->  [31]  [0.3440, 0.6187]
1471	:	[31]  ->  [62]  [0.3396, 0.6451]
1472	:	[62]  ->  [31]  [0.3396, 0.6038]
1473	:	[31]  ->  [29]  [0.3404, 0.6467]
1474	:	[29]  ->  [31]  [0.3404, 0.6096]
1475	:	[31]  ->  [52]  [0.3416, 0.6489]
1476	:	[52]  ->  [31]  [0.3416, 0.5968]
1477	:	[31]  ->  [49]  [0.3320, 0.6307]
1478	:	[49]  ->  [31]  [0.3320, 0.5650]
1479	:	[31]  ->  [45]  [0.3628, 0.6892]
1480	:	[45]  ->  [31]  [0.3628, 0.6277]
1481	:	[31]  ->  [51]  [0.3256, 0.6185]
1482	:	[51]  ->  [31]  [0.3256, 0.5591]
1483	:	[31]  ->  [67]  [0.3600, 0.6839]
1484	:	[67]  ->  [31]  [0.3600, 0.5818]
1485	:	[31]  ->  [75]  [0.3556, 0.6755]
1486	:	[75]  ->  [31]  [0.3556, 0.5584]
1487	:	[31]  ->  [76]  [0.3740, 0.7105]
1488	:	[76]  ->  [31]  [0.3740, 0.6365]
1489	:	[31]  ->  [76, 71]  [0.3000, 0.5699]
1490	:	[76, 71]  ->  [31]  [0.3000, 0.7260]
1491	:	[76]  ->  [31, 71]  [0.3000, 0.5106]
1492	:	[31, 71]  ->  [76]  [0.3000, 0.7821]
1493	:	[31, 76]  ->  [71]  [0.3000, 0.8021]
1494	:	[31]  ->  [71]  [0.3836, 0.7287]
1495	:	[71]  ->  [31]  [0.3836, 0.6376]
1496	:	[91]  ->  [4]  [0.3252, 0.6201]
1497	:	[4]  ->  [91]  [0.3252, 0.6201]
1498	:	[91]  ->  [37]  [0.3336, 0.6362]
1499	:	[37]  ->  [91]  [0.3336, 0.6328]
1500	:	[91]  ->  [10]  [0.3012, 0.5744]
1501	:	[10]  ->  [91]  [0.3012, 0.5649]
1502	:	[91]  ->  [68]  [0.3288, 0.6270]
1503	:	[68]  ->  [91]  [0.3288, 0.5914]
1504	:	[91]  ->  [62]  [0.3280, 0.6255]
1505	:	[62]  ->  [91]  [0.3280, 0.5832]
1506	:	[91]  ->  [29]  [0.3688, 0.7033]
1507	:	[29]  ->  [91]  [0.3688, 0.6605]
1508	:	[91]  ->  [52]  [0.3252, 0.6201]
1509	:	[52]  ->  [91]  [0.3252, 0.5681]
1510	:	[91]  ->  [49]  [0.3732, 0.7117]
1511	:	[49]  ->  [91]  [0.3732, 0.6351]
1512	:	[91]  ->  [45]  [0.3568, 0.6804]
1513	:	[45]  ->  [91]  [0.3568, 0.6173]
1514	:	[91]  ->  [51]  [0.3624, 0.6911]
1515	:	[51]  ->  [91]  [0.3624, 0.6223]
1516	:	[91]  ->  [67]  [0.3536, 0.6743]
1517	:	[67]  ->  [91]  [0.3536, 0.5714]
1518	:	[91]  ->  [75]  [0.3528, 0.6728]
1519	:	[75]  ->  [91]  [0.3528, 0.5540]
1520	:	[91]  ->  [76]  [0.3668, 0.6995]
1521	:	[76]  ->  [91]  [0.3668, 0.6242]
1522	:	[91]  ->  [71]  [0.3732, 0.7117]
1523	:	[71]  ->  [91]  [0.3732, 0.6203]
1524	:	[4]  ->  [37]  [0.3232, 0.6163]
1525	:	[37]  ->  [4]  [0.3232, 0.6131]
1526	:	[4]  ->  [73]  [0.3040, 0.5797]
1527	:	[73]  ->  [4]  [0.3040, 0.5663]
1528	:	[4]  ->  [10]  [0.3416, 0.6514]
1529	:	[10]  ->  [4]  [0.3416, 0.6407]
1530	:	[4]  ->  [68]  [0.3304, 0.6301]
1531	:	[68]  ->  [4]  [0.3304, 0.5942]
1532	:	[4]  ->  [62]  [0.3480, 0.6636]
1533	:	[62]  ->  [4]  [0.3480, 0.6188]
1534	:	[4]  ->  [29]  [0.3308, 0.6308]
1535	:	[29]  ->  [4]  [0.3308, 0.5924]
1536	:	[4]  ->  [52]  [0.3464, 0.6606]
1537	:	[52]  ->  [4]  [0.3464, 0.6052]
1538	:	[4]  ->  [49]  [0.3332, 0.6354]
1539	:	[49]  ->  [4]  [0.3332, 0.5671]
1540	:	[4]  ->  [45]  [0.3464, 0.6606]
1541	:	[45]  ->  [4]  [0.3464, 0.5993]
1542	:	[4]  ->  [51]  [0.3424, 0.6529]
1543	:	[51]  ->  [4]  [0.3424, 0.5879]
1544	:	[4]  ->  [67]  [0.3284, 0.6262]
1545	:	[67]  ->  [4]  [0.3284, 0.5307]
1546	:	[4]  ->  [75]  [0.3676, 0.7010]
1547	:	[75]  ->  [4]  [0.3676, 0.5773]
1548	:	[4]  ->  [76]  [0.3420, 0.6522]
1549	:	[76]  ->  [4]  [0.3420, 0.5820]
1550	:	[4]  ->  [71]  [0.3604, 0.6873]
1551	:	[71]  ->  [4]  [0.3604, 0.5991]
1552	:	[37]  ->  [73]  [0.3360, 0.6373]
1553	:	[73]  ->  [37]  [0.3360, 0.6259]
1554	:	[37]  ->  [10]  [0.3360, 0.6373]
1555	:	[10]  ->  [37]  [0.3360, 0.6302]
1556	:	[37]  ->  [68]  [0.3644, 0.6912]
1557	:	[68]  ->  [37]  [0.3644, 0.6554]
1558	:	[37]  ->  [62]  [0.3260, 0.6184]
1559	:	[62]  ->  [37]  [0.3260, 0.5797]
1560	:	[37]  ->  [29]  [0.3112, 0.5903]
1561	:	[29]  ->  [37]  [0.3112, 0.5573]
1562	:	[37]  ->  [52]  [0.3612, 0.6851]
1563	:	[52]  ->  [37]  [0.3612, 0.6310]
1564	:	[37]  ->  [49]  [0.3168, 0.6009]
1565	:	[49]  ->  [37]  [0.3168, 0.5391]
1566	:	[37]  ->  [45]  [0.3204, 0.6077]
1567	:	[45]  ->  [37]  [0.3204, 0.5543]
1568	:	[37]  ->  [51]  [0.3500, 0.6639]
1569	:	[51]  ->  [37]  [0.3500, 0.6010]
1570	:	[37]  ->  [67]  [0.3740, 0.7094]
1571	:	[67]  ->  [37]  [0.3740, 0.6044]
1572	:	[37]  ->  [67, 71]  [0.3144, 0.5964]
1573	:	[67, 71]  ->  [37]  [0.3144, 0.7366]
1574	:	[67]  ->  [37, 71]  [0.3144, 0.5081]
1575	:	[37, 71]  ->  [67]  [0.3144, 0.7836]
1576	:	[37, 67]  ->  [71]  [0.3144, 0.8406]
1577	:	[71]  ->  [37, 67]  [0.3144, 0.5226]
1578	:	[37]  ->  [75]  [0.3400, 0.6449]
1579	:	[75]  ->  [37]  [0.3400, 0.5339]
1580	:	[37]  ->  [76]  [0.3512, 0.6662]
1581	:	[76]  ->  [37]  [0.3512, 0.5977]
1582	:	[37]  ->  [71]  [0.4012, 0.7610]
1583	:	[71]  ->  [37]  [0.4012, 0.6669]
1584	:	[73]  ->  [10]  [0.3336, 0.6215]
1585	:	[10]  ->  [73]  [0.3336, 0.6257]
1586	:	[73]  ->  [68]  [0.3396, 0.6326]
1587	:	[68]  ->  [73]  [0.3396, 0.6108]
1588	:	[73]  ->  [62]  [0.3148, 0.5864]
1589	:	[62]  ->  [73]  [0.3148, 0.5597]
1590	:	[73]  ->  [29]  [0.3356, 0.6252]
1591	:	[29]  ->  [73]  [0.3356, 0.6010]
1592	:	[73]  ->  [52]  [0.3540, 0.6595]
1593	:	[52]  ->  [73]  [0.3540, 0.6184]
1594	:	[73]  ->  [49]  [0.3252, 0.6058]
1595	:	[49]  ->  [73]  [0.3252, 0.5534]
1596	:	[73]  ->  [45]  [0.3596, 0.6699]
1597	:	[45]  ->  [73]  [0.3596, 0.6221]
1598	:	[73]  ->  [51]  [0.3260, 0.6073]
1599	:	[51]  ->  [73]  [0.3260, 0.5598]
1600	:	[73]  ->  [67]  [0.3488, 0.6498]
1601	:	[67]  ->  [73]  [0.3488, 0.5637]
1602	:	[73]  ->  [75]  [0.3140, 0.5849]
1603	:	[73]  ->  [76]  [0.3644, 0.6788]
1604	:	[76]  ->  [73]  [0.3644, 0.6201]
1605	:	[73]  ->  [71]  [0.3548, 0.6610]
1606	:	[71]  ->  [73]  [0.3548, 0.5898]
1607	:	[10]  ->  [68]  [0.3552, 0.6662]
1608	:	[68]  ->  [10]  [0.3552, 0.6388]
1609	:	[10]  ->  [62]  [0.3272, 0.6137]
1610	:	[62]  ->  [10]  [0.3272, 0.5818]
1611	:	[10]  ->  [29]  [0.3344, 0.6272]
1612	:	[29]  ->  [10]  [0.3344, 0.5989]
1613	:	[10]  ->  [52]  [0.3420, 0.6414]
1614	:	[52]  ->  [10]  [0.3420, 0.5975]
1615	:	[10]  ->  [49]  [0.3228, 0.6054]
1616	:	[49]  ->  [10]  [0.3228, 0.5494]
1617	:	[10]  ->  [45]  [0.3704, 0.6947]
1618	:	[45]  ->  [10]  [0.3704, 0.6408]
1619	:	[10]  ->  [45, 71]  [0.3036, 0.5694]
1620	:	[45, 71]  ->  [10]  [0.3036, 0.7291]
1621	:	[45]  ->  [10, 71]  [0.3036, 0.5253]
1622	:	[10, 71]  ->  [45]  [0.3036, 0.7882]
1623	:	[10, 45]  ->  [71]  [0.3036, 0.8197]
1624	:	[71]  ->  [10, 45]  [0.3036, 0.5047]
1625	:	[10]  ->  [51]  [0.3452, 0.6474]
1626	:	[51]  ->  [10]  [0.3452, 0.5927]
1627	:	[10]  ->  [67]  [0.3612, 0.6774]
1628	:	[67]  ->  [10]  [0.3612, 0.5837]
1629	:	[10]  ->  [75]  [0.3688, 0.6917]
1630	:	[75]  ->  [10]  [0.3688, 0.5791]
1631	:	[10]  ->  [76]  [0.3512, 0.6587]
1632	:	[76]  ->  [10]  [0.3512, 0.5977]
1633	:	[10]  ->  [71]  [0.3852, 0.7224]
1634	:	[71]  ->  [10]  [0.3852, 0.6403]
1635	:	[68]  ->  [62]  [0.3284, 0.5906]
1636	:	[62]  ->  [68]  [0.3284, 0.5839]
1637	:	[68]  ->  [29]  [0.3388, 0.6094]
1638	:	[29]  ->  [68]  [0.3388, 0.6067]
1639	:	[68]  ->  [52]  [0.3488, 0.6273]
1640	:	[52]  ->  [68]  [0.3488, 0.6094]
1641	:	[68]  ->  [49]  [0.3432, 0.6173]
1642	:	[49]  ->  [68]  [0.3432, 0.5841]
1643	:	[68]  ->  [45]  [0.3416, 0.6144]
1644	:	[45]  ->  [68]  [0.3416, 0.5910]
1645	:	[68]  ->  [51]  [0.3352, 0.6029]
1646	:	[51]  ->  [68]  [0.3352, 0.5755]
1647	:	[68]  ->  [67]  [0.3636, 0.6540]
1648	:	[67]  ->  [68]  [0.3636, 0.5876]
1649	:	[68]  ->  [75]  [0.3552, 0.6388]
1650	:	[75]  ->  [68]  [0.3552, 0.5578]
1651	:	[68]  ->  [76]  [0.3564, 0.6410]
1652	:	[76]  ->  [68]  [0.3564, 0.6065]
1653	:	[68]  ->  [71]  [0.3872, 0.6964]
1654	:	[71]  ->  [68]  [0.3872, 0.6436]
1655	:	[62]  ->  [29]  [0.3576, 0.6358]
1656	:	[29]  ->  [62]  [0.3576, 0.6404]
1657	:	[62]  ->  [52]  [0.3896, 0.6927]
1658	:	[52]  ->  [62]  [0.3896, 0.6806]
1659	:	[62]  ->  [49]  [0.3580, 0.6366]
1660	:	[49]  ->  [62]  [0.3580, 0.6093]
1661	:	[62]  ->  [45]  [0.3460, 0.6152]
1662	:	[45]  ->  [62]  [0.3460, 0.5986]
1663	:	[62]  ->  [51]  [0.3624, 0.6444]
1664	:	[51]  ->  [62]  [0.3624, 0.6223]
1665	:	[62]  ->  [67]  [0.3468, 0.6166]
1666	:	[67]  ->  [62]  [0.3468, 0.5604]
1667	:	[62]  ->  [75]  [0.3760, 0.6686]
1668	:	[75]  ->  [62]  [0.3760, 0.5905]
1669	:	[62]  ->  [75, 76]  [0.3084, 0.5484]
1670	:	[75, 76]  ->  [62]  [0.3084, 0.7500]
1671	:	[62, 76]  ->  [75]  [0.3084, 0.8023]
1672	:	[62, 75]  ->  [76]  [0.3084, 0.8202]
1673	:	[76]  ->  [62, 75]  [0.3084, 0.5248]
1674	:	[62]  ->  [76]  [0.3844, 0.6835]
1675	:	[76]  ->  [62]  [0.3844, 0.6542]
1676	:	[62]  ->  [71]  [0.3684, 0.6550]
1677	:	[71]  ->  [62]  [0.3684, 0.6124]
1678	:	[29]  ->  [52]  [0.3592, 0.6433]
1679	:	[52]  ->  [29]  [0.3592, 0.6275]
1680	:	[29]  ->  [49]  [0.3612, 0.6468]
1681	:	[49]  ->  [29]  [0.3612, 0.6147]
1682	:	[29]  ->  [45]  [0.3908, 0.6999]
1683	:	[45]  ->  [29]  [0.3908, 0.6761]
1684	:	[29]  ->  [45, 76]  [0.3092, 0.5537]
1685	:	[45, 76]  ->  [29]  [0.3092, 0.7404]
1686	:	[45]  ->  [29, 76]  [0.3092, 0.5349]
1687	:	[29, 76]  ->  [45]  [0.3092, 0.7872]
1688	:	[29, 45]  ->  [76]  [0.3092, 0.7912]
1689	:	[76]  ->  [29, 45]  [0.3092, 0.5262]
1690	:	[29]  ->  [51]  [0.3828, 0.6855]
1691	:	[51]  ->  [29]  [0.3828, 0.6573]
1692	:	[29]  ->  [51, 76]  [0.3020, 0.5408]
1693	:	[51, 76]  ->  [29]  [0.3020, 0.7274]
1694	:	[51]  ->  [29, 76]  [0.3020, 0.5185]
1695	:	[29, 76]  ->  [51]  [0.3020, 0.7688]
1696	:	[29, 51]  ->  [76]  [0.3020, 0.7889]
1697	:	[76]  ->  [29, 51]  [0.3020, 0.5140]
1698	:	[29]  ->  [67]  [0.3608, 0.6461]
1699	:	[67]  ->  [29]  [0.3608, 0.5831]
1700	:	[29]  ->  [75]  [0.3496, 0.6261]
1701	:	[75]  ->  [29]  [0.3496, 0.5490]
1702	:	[29]  ->  [76]  [0.3928, 0.7034]
1703	:	[76]  ->  [29]  [0.3928, 0.6685]
1704	:	[29]  ->  [71]  [0.3840, 0.6877]
1705	:	[71]  ->  [29]  [0.3840, 0.6383]
1706	:	[52]  ->  [49]  [0.3780, 0.6604]
1707	:	[49]  ->  [52]  [0.3780, 0.6433]
1708	:	[52]  ->  [45]  [0.3620, 0.6324]
1709	:	[45]  ->  [52]  [0.3620, 0.6263]
1710	:	[52]  ->  [51]  [0.3624, 0.6331]
1711	:	[51]  ->  [52]  [0.3624, 0.6223]
1712	:	[52]  ->  [67]  [0.3632, 0.6345]
1713	:	[67]  ->  [52]  [0.3632, 0.5869]
1714	:	[52]  ->  [75]  [0.3680, 0.6429]
1715	:	[75]  ->  [52]  [0.3680, 0.5779]
1716	:	[52]  ->  [76]  [0.3872, 0.6765]
1717	:	[76]  ->  [52]  [0.3872, 0.6590]
1718	:	[52]  ->  [71]  [0.3876, 0.6771]
1719	:	[71]  ->  [52]  [0.3876, 0.6443]
1720	:	[49]  ->  [45]  [0.3756, 0.6392]
1721	:	[45]  ->  [49]  [0.3756, 0.6498]
1722	:	[49]  ->  [51]  [0.4012, 0.6828]
1723	:	[51]  ->  [49]  [0.4012, 0.6889]
1724	:	[49]  ->  [51, 67]  [0.3064, 0.5214]
1725	:	[51, 67]  ->  [49]  [0.3064, 0.8021]
1726	:	[51]  ->  [49, 67]  [0.3064, 0.5261]
1727	:	[49, 67]  ->  [51]  [0.3064, 0.7856]
1728	:	[49, 51]  ->  [67]  [0.3064, 0.7637]
1729	:	[49]  ->  [51, 76]  [0.3020, 0.5140]
1730	:	[51, 76]  ->  [49]  [0.3020, 0.7274]
1731	:	[51]  ->  [49, 76]  [0.3020, 0.5185]
1732	:	[49, 76]  ->  [51]  [0.3020, 0.8224]
1733	:	[49, 51]  ->  [76]  [0.3020, 0.7527]
1734	:	[76]  ->  [49, 51]  [0.3020, 0.5140]
1735	:	[49]  ->  [67]  [0.3900, 0.6637]
1736	:	[67]  ->  [49]  [0.3900, 0.6303]
1737	:	[49]  ->  [67, 71]  [0.3040, 0.5174]
1738	:	[67, 71]  ->  [49]  [0.3040, 0.7123]
1739	:	[49, 71]  ->  [67]  [0.3040, 0.7983]
1740	:	[49, 67]  ->  [71]  [0.3040, 0.7795]
1741	:	[71]  ->  [49, 67]  [0.3040, 0.5053]
1742	:	[49]  ->  [75]  [0.3556, 0.6052]
1743	:	[75]  ->  [49]  [0.3556, 0.5584]
1744	:	[49]  ->  [76]  [0.3672, 0.6249]
1745	:	[76]  ->  [49]  [0.3672, 0.6249]
1746	:	[49]  ->  [71]  [0.3808, 0.6481]
1747	:	[71]  ->  [49]  [0.3808, 0.6330]
1748	:	[45]  ->  [51]  [0.3700, 0.6401]
1749	:	[51]  ->  [45]  [0.3700, 0.6353]
1750	:	[45]  ->  [51, 76]  [0.3028, 0.5239]
1751	:	[51, 76]  ->  [45]  [0.3028, 0.7293]
1752	:	[51]  ->  [45, 76]  [0.3028, 0.5199]
1753	:	[45, 76]  ->  [51]  [0.3028, 0.7251]
1754	:	[45, 51]  ->  [76]  [0.3028, 0.8184]
1755	:	[76]  ->  [45, 51]  [0.3028, 0.5153]
1756	:	[45]  ->  [67]  [0.3736, 0.6464]
1757	:	[67]  ->  [45]  [0.3736, 0.6037]
1758	:	[45]  ->  [67, 71]  [0.3024, 0.5232]
1759	:	[67, 71]  ->  [45]  [0.3024, 0.7085]
1760	:	[45, 71]  ->  [67]  [0.3024, 0.7262]
1761	:	[45, 67]  ->  [71]  [0.3024, 0.8094]
1762	:	[71]  ->  [45, 67]  [0.3024, 0.5027]
1763	:	[45]  ->  [75]  [0.4120, 0.7128]
1764	:	[75]  ->  [45]  [0.4120, 0.6470]
1765	:	[45]  ->  [75, 76]  [0.3156, 0.5460]
1766	:	[75, 76]  ->  [45]  [0.3156, 0.7675]
1767	:	[45, 76]  ->  [75]  [0.3156, 0.7557]
1768	:	[45, 75]  ->  [76]  [0.3156, 0.7660]
1769	:	[76]  ->  [45, 75]  [0.3156, 0.5371]
1770	:	[45]  ->  [75, 71]  [0.3052, 0.5280]
1771	:	[75, 71]  ->  [45]  [0.3052, 0.7778]
1772	:	[45, 71]  ->  [75]  [0.3052, 0.7329]
1773	:	[45, 75]  ->  [71]  [0.3052, 0.7408]
1774	:	[71]  ->  [45, 75]  [0.3052, 0.5073]
1775	:	[45]  ->  [76]  [0.4176, 0.7225]
1776	:	[76]  ->  [45]  [0.4176, 0.7107]
1777	:	[45]  ->  [76, 71]  [0.3260, 0.5640]
1778	:	[76, 71]  ->  [45]  [0.3260, 0.7890]
1779	:	[76]  ->  [45, 71]  [0.3260, 0.5548]
1780	:	[45, 71]  ->  [76]  [0.3260, 0.7829]
1781	:	[45, 76]  ->  [71]  [0.3260, 0.7807]
1782	:	[71]  ->  [45, 76]  [0.3260, 0.5419]
1783	:	[45]  ->  [71]  [0.4164, 0.7204]
1784	:	[71]  ->  [45]  [0.4164, 0.6922]
1785	:	[51]  ->  [67]  [0.3820, 0.6559]
1786	:	[67]  ->  [51]  [0.3820, 0.6173]
1787	:	[51]  ->  [67, 71]  [0.3016, 0.5179]
1788	:	[67, 71]  ->  [51]  [0.3016, 0.7067]
1789	:	[51, 71]  ->  [67]  [0.3016, 0.7757]
1790	:	[51, 67]  ->  [71]  [0.3016, 0.7895]
1791	:	[71]  ->  [51, 67]  [0.3016, 0.5013]
1792	:	[51]  ->  [75]  [0.3720, 0.6387]
1793	:	[75]  ->  [51]  [0.3720, 0.5842]
1794	:	[51]  ->  [75, 76]  [0.3080, 0.5288]
1795	:	[75, 76]  ->  [51]  [0.3080, 0.7490]
1796	:	[51, 76]  ->  [75]  [0.3080, 0.7418]
1797	:	[51, 75]  ->  [76]  [0.3080, 0.8280]
1798	:	[76]  ->  [51, 75]  [0.3080, 0.5242]
1799	:	[51]  ->  [76]  [0.4152, 0.7129]
1800	:	[76]  ->  [51]  [0.4152, 0.7066]
1801	:	[51]  ->  [76, 71]  [0.3012, 0.5172]
1802	:	[76, 71]  ->  [51]  [0.3012, 0.7289]
1803	:	[76]  ->  [51, 71]  [0.3012, 0.5126]
1804	:	[51, 71]  ->  [76]  [0.3012, 0.7747]
1805	:	[51, 76]  ->  [71]  [0.3012, 0.7254]
1806	:	[71]  ->  [51, 76]  [0.3012, 0.5007]
1807	:	[51]  ->  [71]  [0.3888, 0.6676]
1808	:	[71]  ->  [51]  [0.3888, 0.6463]
1809	:	[67]  ->  [75]  [0.3548, 0.5734]
1810	:	[75]  ->  [67]  [0.3548, 0.5572]
1811	:	[67]  ->  [76]  [0.3648, 0.5895]
1812	:	[76]  ->  [67]  [0.3648, 0.6208]
1813	:	[67]  ->  [71]  [0.4268, 0.6897]
1814	:	[71]  ->  [67]  [0.4268, 0.7094]
1815	:	[75]  ->  [76]  [0.4112, 0.6457]
1816	:	[76]  ->  [75]  [0.4112, 0.6998]
1817	:	[76, 71]  ->  [75]  [0.3036, 0.7348]
1818	:	[76]  ->  [75, 71]  [0.3036, 0.5167]
1819	:	[75, 71]  ->  [76]  [0.3036, 0.7737]
1820	:	[75, 76]  ->  [71]  [0.3036, 0.7383]
1821	:	[71]  ->  [75, 76]  [0.3036, 0.5047]
1822	:	[75]  ->  [71]  [0.3924, 0.6162]
1823	:	[71]  ->  [75]  [0.3924, 0.6523]
1824	:	[76]  ->  [71]  [0.4132, 0.7032]
1825	:	[71]  ->  [76]  [0.4132, 0.6868]
