No	:	[A]	->	[B]	[s, c]
-----------------------------------------------------------------------------
1	:	[14]  ->  [75]  [0.3008, 0.7941]
2	:	[66]  ->  [78]  [0.3008, 0.7650]
3	:	[59]  ->  [29]  [0.3116, 0.7829]
4	:	[61]  ->  [76]  [0.3220, 0.8050]
5	:	[97]  ->  [91]  [0.3012, 0.7304]
6	:	[97]  ->  [51]  [0.3072, 0.7449]
7	:	[97]  ->  [71]  [0.3128, 0.7585]
8	:	[2]  ->  [71]  [0.3180, 0.7696]
9	:	[54]  ->  [45]  [0.3076, 0.7401]
10	:	[82]  ->  [84]  [0.3072, 0.7191]
11	:	[82]  ->  [75]  [0.3252, 0.7612]
12	:	[82]  ->  [76]  [0.3048, 0.7135]
13	:	[74]  ->  [73]  [0.3296, 0.7518]
14	:	[74]  ->  [29]  [0.3028, 0.6907]
15	:	[74]  ->  [45]  [0.3032, 0.6916]
16	:	[24]  ->  [45]  [0.3224, 0.7152]
17	:	[24]  ->  [76]  [0.3048, 0.6761]
18	:	[24]  ->  [71]  [0.3380, 0.7498]
19	:	[72]  ->  [4]  [0.3028, 0.6606]
20	:	[72]  ->  [68]  [0.3136, 0.6841]
21	:	[72]  ->  [75]  [0.3008, 0.6562]
22	:	[63]  ->  [56]  [0.3044, 0.7086]
23	:	[79]  ->  [4]  [0.3008, 0.6744]
24	:	[79]  ->  [62]  [0.3016, 0.6762]
25	:	[79]  ->  [52]  [0.3100, 0.6951]
26	:	[79]  ->  [49]  [0.3048, 0.6834]
27	:	[95]  ->  [73]  [0.3004, 0.6922]
28	:	[25]  ->  [33]  [0.3256, 0.7468]
29	:	[25]  ->  [84]  [0.3108, 0.7128]
30	:	[25]  ->  [4]  [0.3052, 0.7000]
31	:	[25]  ->  [62]  [0.3184, 0.7303]
32	:	[25]  ->  [51]  [0.3148, 0.7220]
33	:	[44]  ->  [10]  [0.3408, 0.7717]
34	:	[44]  ->  [45]  [0.3008, 0.6812]
35	:	[44]  ->  [51]  [0.3036, 0.6875]
36	:	[44]  ->  [75]  [0.3032, 0.6866]
37	:	[44]  ->  [76]  [0.3088, 0.6993]
38	:	[44]  ->  [71]  [0.3312, 0.7500]
39	:	[17]  ->  [20]  [0.3024, 0.6829]
40	:	[17]  ->  [62]  [0.3156, 0.7127]
41	:	[17]  ->  [52]  [0.3312, 0.7480]
42	:	[17]  ->  [49]  [0.3340, 0.7543]
43	:	[17]  ->  [71]  [0.3080, 0.6956]
44	:	[77]  ->  [60]  [0.3288, 0.7432]
45	:	[77]  ->  [37]  [0.3028, 0.6844]
46	:	[77]  ->  [73]  [0.3112, 0.7034]
47	:	[77]  ->  [49]  [0.3016, 0.6817]
48	:	[77]  ->  [67]  [0.3164, 0.7152]
49	:	[77]  ->  [76]  [0.3132, 0.7080]
50	:	[77]  ->  [71]  [0.3244, 0.7333]
51	:	[1]  ->  [20]  [0.3000, 0.6739]
52	:	[1]  ->  [5]  [0.3000, 0.6739]
53	:	[1]  ->  [31]  [0.3076, 0.6909]
54	:	[1]  ->  [68]  [0.3120, 0.7008]
55	:	[1]  ->  [52]  [0.3092, 0.6945]
56	:	[1]  ->  [49]  [0.3240, 0.7278]
57	:	[1]  ->  [45]  [0.3112, 0.6990]
58	:	[1]  ->  [67]  [0.3036, 0.6819]
59	:	[1]  ->  [75]  [0.3112, 0.6990]
60	:	[1]  ->  [76]  [0.3012, 0.6765]
61	:	[1]  ->  [71]  [0.3176, 0.7134]
62	:	[64]  ->  [75]  [0.3156, 0.6575]
63	:	[9]  ->  [15]  [0.3128, 0.6939]
64	:	[15]  ->  [9]  [0.3128, 0.6549]
65	:	[9]  ->  [89]  [0.3140, 0.6965]
66	:	[9]  ->  [4]  [0.3000, 0.6655]
67	:	[9]  ->  [68]  [0.3064, 0.6797]
68	:	[9]  ->  [62]  [0.3248, 0.7205]
69	:	[9]  ->  [49]  [0.3044, 0.6752]
70	:	[9]  ->  [45]  [0.3228, 0.7161]
71	:	[9]  ->  [67]  [0.3008, 0.6673]
72	:	[9]  ->  [75]  [0.3096, 0.6868]
73	:	[9]  ->  [76]  [0.3172, 0.7036]
74	:	[9]  ->  [71]  [0.3284, 0.7285]
75	:	[69]  ->  [43]  [0.3024, 0.6702]
76	:	[69]  ->  [100]  [0.3064, 0.6791]
77	:	[69]  ->  [84]  [0.3032, 0.6720]
78	:	[69]  ->  [73]  [0.3044, 0.6746]
79	:	[69]  ->  [51]  [0.3144, 0.6968]
80	:	[69]  ->  [67]  [0.3204, 0.7101]
81	:	[69]  ->  [75]  [0.3116, 0.6906]
82	:	[69]  ->  [76]  [0.3360, 0.7447]
83	:	[69]  ->  [71]  [0.3144, 0.6968]
84	:	[65]  ->  [73]  [0.3004, 0.6611]
85	:	[65]  ->  [10]  [0.3128, 0.6884]
86	:	[65]  ->  [68]  [0.3036, 0.6681]
87	:	[65]  ->  [52]  [0.3376, 0.7430]
88	:	[65]  ->  [45]  [0.3008, 0.6620]
89	:	[65]  ->  [67]  [0.3004, 0.6611]
90	:	[65]  ->  [76]  [0.3144, 0.6919]
91	:	[65]  ->  [71]  [0.3452, 0.7597]
92	:	[21]  ->  [83]  [0.3068, 0.6635]
93	:	[21]  ->  [29]  [0.3084, 0.6670]
94	:	[21]  ->  [52]  [0.3100, 0.6704]
95	:	[21]  ->  [45]  [0.3032, 0.6557]
96	:	[21]  ->  [67]  [0.3284, 0.7102]
97	:	[21]  ->  [76]  [0.3116, 0.6739]
98	:	[21]  ->  [71]  [0.3024, 0.6540]
99	:	[86]  ->  [26]  [0.3088, 0.6766]
100	:	[86]  ->  [33]  [0.3036, 0.6652]
101	:	[86]  ->  [60]  [0.3100, 0.6792]
102	:	[86]  ->  [91]  [0.3088, 0.6766]
103	:	[86]  ->  [37]  [0.3096, 0.6784]
104	:	[86]  ->  [68]  [0.3140, 0.6880]
105	:	[86]  ->  [76]  [0.3324, 0.7283]
106	:	[86]  ->  [71]  [0.3312, 0.7257]
107	:	[99]  ->  [100]  [0.3056, 0.6598]
108	:	[99]  ->  [78]  [0.3044, 0.6572]
109	:	[99]  ->  [33]  [0.3024, 0.6528]
110	:	[99]  ->  [5]  [0.3040, 0.6563]
111	:	[99]  ->  [73]  [0.3016, 0.6511]
112	:	[99]  ->  [62]  [0.3104, 0.6701]
113	:	[99]  ->  [29]  [0.3044, 0.6572]
114	:	[99]  ->  [52]  [0.3064, 0.6615]
115	:	[99]  ->  [49]  [0.3144, 0.6788]
116	:	[99]  ->  [45]  [0.3244, 0.7003]
117	:	[99]  ->  [51]  [0.3284, 0.7090]
118	:	[99]  ->  [67]  [0.3248, 0.7012]
119	:	[99]  ->  [76]  [0.3144, 0.6788]
120	:	[99]  ->  [71]  [0.3244, 0.7003]
121	:	[46]  ->  [78]  [0.3220, 0.6940]
122	:	[46]  ->  [31]  [0.3148, 0.6784]
123	:	[46]  ->  [73]  [0.3080, 0.6638]
124	:	[46]  ->  [52]  [0.3024, 0.6517]
125	:	[46]  ->  [49]  [0.3032, 0.6534]
126	:	[46]  ->  [45]  [0.3244, 0.6991]
127	:	[46]  ->  [67]  [0.3136, 0.6759]
128	:	[46]  ->  [75]  [0.3060, 0.6595]
129	:	[46]  ->  [76]  [0.3016, 0.6500]
130	:	[46]  ->  [71]  [0.3212, 0.6922]
131	:	[7]  ->  [58]  [0.3192, 0.6856]
132	:	[58]  ->  [7]  [0.3192, 0.6746]
133	:	[7]  ->  [4]  [0.3136, 0.6735]
134	:	[7]  ->  [68]  [0.3092, 0.6641]
135	:	[7]  ->  [62]  [0.3216, 0.6907]
136	:	[7]  ->  [29]  [0.3132, 0.6727]
137	:	[7]  ->  [52]  [0.3160, 0.6787]
138	:	[7]  ->  [49]  [0.3172, 0.6813]
139	:	[7]  ->  [45]  [0.3092, 0.6641]
140	:	[7]  ->  [75]  [0.3168, 0.6804]
141	:	[7]  ->  [76]  [0.3128, 0.6718]
142	:	[7]  ->  [71]  [0.3204, 0.6881]
143	:	[34]  ->  [4]  [0.3116, 0.6704]
144	:	[34]  ->  [37]  [0.3068, 0.6601]
145	:	[34]  ->  [10]  [0.3204, 0.6893]
146	:	[34]  ->  [49]  [0.3244, 0.6979]
147	:	[34]  ->  [45]  [0.3104, 0.6678]
148	:	[34]  ->  [67]  [0.3284, 0.7065]
149	:	[34]  ->  [75]  [0.3036, 0.6532]
150	:	[34]  ->  [71]  [0.3176, 0.6833]
151	:	[80]  ->  [32]  [0.3112, 0.6661]
152	:	[80]  ->  [23]  [0.3060, 0.6550]
153	:	[80]  ->  [5]  [0.3176, 0.6798]
154	:	[80]  ->  [31]  [0.3200, 0.6849]
155	:	[80]  ->  [73]  [0.3260, 0.6978]
156	:	[80]  ->  [68]  [0.3136, 0.6712]
157	:	[80]  ->  [49]  [0.3088, 0.6610]
158	:	[80]  ->  [45]  [0.3180, 0.6807]
159	:	[80]  ->  [67]  [0.3300, 0.7063]
160	:	[80]  ->  [76]  [0.3192, 0.6832]
161	:	[80]  ->  [71]  [0.3320, 0.7106]
162	:	[3]  ->  [27]  [0.3136, 0.6689]
163	:	[27]  ->  [3]  [0.3136, 0.6661]
164	:	[3]  ->  [30]  [0.3072, 0.6553]
165	:	[3]  ->  [19]  [0.3060, 0.6527]
166	:	[3]  ->  [35]  [0.3340, 0.7125]
167	:	[35]  ->  [3]  [0.3340, 0.6513]
168	:	[3]  ->  [84]  [0.3404, 0.7261]
169	:	[84]  ->  [3]  [0.3404, 0.6551]
170	:	[3]  ->  [73]  [0.3196, 0.6817]
171	:	[3]  ->  [68]  [0.3056, 0.6519]
172	:	[3]  ->  [29]  [0.3496, 0.7457]
173	:	[3]  ->  [52]  [0.3232, 0.6894]
174	:	[3]  ->  [49]  [0.3392, 0.7235]
175	:	[3]  ->  [45]  [0.3244, 0.6920]
176	:	[3]  ->  [51]  [0.3436, 0.7329]
177	:	[3]  ->  [67]  [0.3100, 0.6613]
178	:	[3]  ->  [76]  [0.3332, 0.7108]
179	:	[3]  ->  [71]  [0.3296, 0.7031]
180	:	[56]  ->  [31]  [0.3136, 0.6661]
181	:	[56]  ->  [37]  [0.3320, 0.7052]
182	:	[56]  ->  [73]  [0.3288, 0.6984]
183	:	[56]  ->  [52]  [0.3076, 0.6534]
184	:	[56]  ->  [49]  [0.3064, 0.6508]
185	:	[56]  ->  [45]  [0.3108, 0.6602]
186	:	[56]  ->  [51]  [0.3064, 0.6508]
187	:	[56]  ->  [67]  [0.3248, 0.6899]
188	:	[56]  ->  [76]  [0.3224, 0.6848]
189	:	[56]  ->  [71]  [0.3088, 0.6559]
190	:	[27]  ->  [30]  [0.3284, 0.6975]
191	:	[30]  ->  [27]  [0.3284, 0.6757]
192	:	[27]  ->  [33]  [0.3216, 0.6831]
193	:	[27]  ->  [60]  [0.3244, 0.6890]
194	:	[27]  ->  [5]  [0.3136, 0.6661]
195	:	[27]  ->  [68]  [0.3220, 0.6839]
196	:	[27]  ->  [29]  [0.3096, 0.6576]
197	:	[27]  ->  [52]  [0.3068, 0.6517]
198	:	[27]  ->  [45]  [0.3236, 0.6873]
199	:	[27]  ->  [51]  [0.3204, 0.6805]
200	:	[27]  ->  [67]  [0.3088, 0.6559]
201	:	[27]  ->  [75]  [0.3216, 0.6831]
202	:	[27]  ->  [76]  [0.3400, 0.7222]
203	:	[27]  ->  [71]  [0.3192, 0.6780]
204	:	[83]  ->  [84]  [0.3180, 0.6681]
205	:	[83]  ->  [68]  [0.3172, 0.6664]
206	:	[83]  ->  [29]  [0.3292, 0.6916]
207	:	[83]  ->  [49]  [0.3232, 0.6790]
208	:	[83]  ->  [51]  [0.3456, 0.7261]
209	:	[83]  ->  [67]  [0.3252, 0.6832]
210	:	[83]  ->  [75]  [0.3248, 0.6824]
211	:	[83]  ->  [76]  [0.3288, 0.6908]
212	:	[18]  ->  [93]  [0.3136, 0.6644]
213	:	[18]  ->  [100]  [0.3192, 0.6763]
214	:	[18]  ->  [5]  [0.3340, 0.7076]
215	:	[18]  ->  [68]  [0.3176, 0.6729]
216	:	[18]  ->  [62]  [0.3100, 0.6568]
217	:	[18]  ->  [29]  [0.3268, 0.6924]
218	:	[18]  ->  [52]  [0.3176, 0.6729]
219	:	[18]  ->  [49]  [0.3196, 0.6771]
220	:	[18]  ->  [67]  [0.3440, 0.7288]
221	:	[18]  ->  [75]  [0.3152, 0.6678]
222	:	[18]  ->  [76]  [0.3216, 0.6814]
223	:	[18]  ->  [71]  [0.3292, 0.6975]
224	:	[58]  ->  [32]  [0.3092, 0.6534]
225	:	[58]  ->  [53]  [0.3088, 0.6526]
226	:	[58]  ->  [4]  [0.3216, 0.6796]
227	:	[58]  ->  [29]  [0.3116, 0.6585]
228	:	[58]  ->  [52]  [0.3100, 0.6551]
229	:	[58]  ->  [45]  [0.3452, 0.7295]
230	:	[58]  ->  [75]  [0.3456, 0.7303]
231	:	[58]  ->  [76]  [0.3228, 0.6822]
232	:	[58]  ->  [71]  [0.3456, 0.7303]
233	:	[41]  ->  [30]  [0.3132, 0.6509]
234	:	[41]  ->  [33]  [0.3220, 0.6692]
235	:	[41]  ->  [4]  [0.3180, 0.6608]
236	:	[41]  ->  [68]  [0.3176, 0.6600]
237	:	[41]  ->  [49]  [0.3224, 0.6700]
238	:	[41]  ->  [67]  [0.3136, 0.6517]
239	:	[88]  ->  [100]  [0.3112, 0.6560]
240	:	[88]  ->  [89]  [0.3264, 0.6880]
241	:	[88]  ->  [31]  [0.3324, 0.7007]
242	:	[88]  ->  [10]  [0.3220, 0.6788]
243	:	[88]  ->  [68]  [0.3232, 0.6813]
244	:	[88]  ->  [62]  [0.3128, 0.6594]
245	:	[88]  ->  [29]  [0.3232, 0.6813]
246	:	[88]  ->  [45]  [0.3404, 0.7175]
247	:	[88]  ->  [51]  [0.3312, 0.6981]
248	:	[88]  ->  [67]  [0.3252, 0.6855]
249	:	[88]  ->  [75]  [0.3096, 0.6526]
250	:	[88]  ->  [76]  [0.3444, 0.7260]
251	:	[88]  ->  [71]  [0.3492, 0.7361]
252	:	[15]  ->  [96]  [0.3108, 0.6508]
253	:	[15]  ->  [89]  [0.3280, 0.6868]
254	:	[15]  ->  [68]  [0.3276, 0.6859]
255	:	[15]  ->  [62]  [0.3328, 0.6968]
256	:	[15]  ->  [45]  [0.3272, 0.6851]
257	:	[15]  ->  [75]  [0.3324, 0.6960]
258	:	[15]  ->  [76]  [0.3196, 0.6692]
259	:	[15]  ->  [71]  [0.3656, 0.7655]
260	:	[8]  ->  [35]  [0.3204, 0.6697]
261	:	[8]  ->  [84]  [0.3180, 0.6647]
262	:	[8]  ->  [37]  [0.3128, 0.6538]
263	:	[8]  ->  [10]  [0.3372, 0.7048]
264	:	[8]  ->  [68]  [0.3204, 0.6697]
265	:	[8]  ->  [62]  [0.3164, 0.6614]
266	:	[8]  ->  [52]  [0.3344, 0.6990]
267	:	[8]  ->  [45]  [0.3156, 0.6597]
268	:	[8]  ->  [51]  [0.3132, 0.6547]
269	:	[8]  ->  [67]  [0.3276, 0.6848]
270	:	[8]  ->  [75]  [0.3424, 0.7157]
271	:	[8]  ->  [76]  [0.3392, 0.7090]
272	:	[8]  ->  [71]  [0.3356, 0.7015]
273	:	[50]  ->  [43]  [0.3376, 0.7004]
274	:	[43]  ->  [50]  [0.3376, 0.6987]
275	:	[50]  ->  [53]  [0.3168, 0.6573]
276	:	[50]  ->  [84]  [0.3208, 0.6656]
277	:	[50]  ->  [68]  [0.3148, 0.6531]
278	:	[50]  ->  [62]  [0.3296, 0.6838]
279	:	[50]  ->  [45]  [0.3184, 0.6606]
280	:	[50]  ->  [75]  [0.3296, 0.6838]
281	:	[50]  ->  [76]  [0.3312, 0.6871]
282	:	[20]  ->  [11]  [0.3168, 0.6606]
283	:	[20]  ->  [89]  [0.3188, 0.6647]
284	:	[20]  ->  [10]  [0.3216, 0.6706]
285	:	[20]  ->  [68]  [0.3156, 0.6580]
286	:	[20]  ->  [29]  [0.3188, 0.6647]
287	:	[20]  ->  [52]  [0.3200, 0.6672]
288	:	[20]  ->  [49]  [0.3328, 0.6939]
289	:	[20]  ->  [45]  [0.3372, 0.7031]
290	:	[20]  ->  [51]  [0.3292, 0.6864]
291	:	[20]  ->  [67]  [0.3136, 0.6539]
292	:	[20]  ->  [76]  [0.3196, 0.6664]
293	:	[20]  ->  [71]  [0.3312, 0.6906]
294	:	[43]  ->  [32]  [0.3208, 0.6639]
295	:	[43]  ->  [68]  [0.3392, 0.7020]
296	:	[43]  ->  [45]  [0.3236, 0.6697]
297	:	[43]  ->  [51]  [0.3184, 0.6589]
298	:	[43]  ->  [67]  [0.3196, 0.6614]
299	:	[43]  ->  [75]  [0.3516, 0.7276]
300	:	[43]  ->  [76]  [0.3476, 0.7194]
301	:	[43]  ->  [71]  [0.3388, 0.7012]
302	:	[30]  ->  [29]  [0.3208, 0.6601]
303	:	[30]  ->  [49]  [0.3328, 0.6848]
304	:	[30]  ->  [45]  [0.3512, 0.7226]
305	:	[30]  ->  [51]  [0.3188, 0.6560]
306	:	[30]  ->  [67]  [0.3180, 0.6543]
307	:	[30]  ->  [75]  [0.3192, 0.6568]
308	:	[30]  ->  [76]  [0.3528, 0.7259]
309	:	[30]  ->  [71]  [0.3384, 0.6963]
310	:	[26]  ->  [33]  [0.3408, 0.7007]
311	:	[33]  ->  [26]  [0.3408, 0.6730]
312	:	[26]  ->  [35]  [0.3220, 0.6620]
313	:	[26]  ->  [23]  [0.3192, 0.6563]
314	:	[26]  ->  [84]  [0.3252, 0.6686]
315	:	[26]  ->  [4]  [0.3200, 0.6579]
316	:	[26]  ->  [68]  [0.3188, 0.6554]
317	:	[26]  ->  [62]  [0.3472, 0.7138]
318	:	[26]  ->  [29]  [0.3316, 0.6817]
319	:	[26]  ->  [52]  [0.3184, 0.6546]
320	:	[26]  ->  [45]  [0.3172, 0.6521]
321	:	[26]  ->  [51]  [0.3320, 0.6826]
322	:	[26]  ->  [75]  [0.3348, 0.6883]
323	:	[26]  ->  [76]  [0.3344, 0.6875]
324	:	[26]  ->  [71]  [0.3472, 0.7138]
325	:	[42]  ->  [60]  [0.3348, 0.6878]
326	:	[42]  ->  [29]  [0.3312, 0.6804]
327	:	[42]  ->  [52]  [0.3340, 0.6861]
328	:	[42]  ->  [67]  [0.3468, 0.7124]
329	:	[42]  ->  [71]  [0.3460, 0.7108]
330	:	[11]  ->  [35]  [0.3220, 0.6593]
331	:	[11]  ->  [84]  [0.3188, 0.6527]
332	:	[11]  ->  [4]  [0.3460, 0.7084]
333	:	[4]  ->  [11]  [0.3460, 0.6598]
334	:	[11]  ->  [62]  [0.3260, 0.6675]
335	:	[11]  ->  [29]  [0.3188, 0.6527]
336	:	[11]  ->  [52]  [0.3200, 0.6552]
337	:	[11]  ->  [49]  [0.3236, 0.6626]
338	:	[11]  ->  [51]  [0.3344, 0.6847]
339	:	[11]  ->  [75]  [0.3248, 0.6650]
340	:	[11]  ->  [76]  [0.3400, 0.6962]
341	:	[11]  ->  [71]  [0.3180, 0.6511]
342	:	[93]  ->  [96]  [0.3308, 0.6735]
343	:	[96]  ->  [93]  [0.3308, 0.6595]
344	:	[93]  ->  [91]  [0.3196, 0.6507]
345	:	[93]  ->  [68]  [0.3196, 0.6507]
346	:	[93]  ->  [29]  [0.3324, 0.6767]
347	:	[93]  ->  [52]  [0.3492, 0.7109]
348	:	[93]  ->  [49]  [0.3284, 0.6686]
349	:	[93]  ->  [45]  [0.3324, 0.6767]
350	:	[93]  ->  [51]  [0.3216, 0.6547]
351	:	[93]  ->  [67]  [0.3256, 0.6629]
352	:	[93]  ->  [75]  [0.3344, 0.6808]
353	:	[93]  ->  [76]  [0.3412, 0.6946]
354	:	[93]  ->  [71]  [0.3452, 0.7028]
355	:	[100]  ->  [89]  [0.3224, 0.6532]
356	:	[100]  ->  [5]  [0.3248, 0.6580]
357	:	[100]  ->  [31]  [0.3244, 0.6572]
358	:	[100]  ->  [62]  [0.3420, 0.6929]
359	:	[100]  ->  [29]  [0.3276, 0.6637]
360	:	[100]  ->  [49]  [0.3540, 0.7172]
361	:	[100]  ->  [51]  [0.3492, 0.7075]
362	:	[100]  ->  [67]  [0.3768, 0.7634]
363	:	[67, 71]  ->  [100]  [0.3068, 0.7188]
364	:	[100, 71]  ->  [67]  [0.3068, 0.8319]
365	:	[100, 67]  ->  [71]  [0.3068, 0.8142]
366	:	[100]  ->  [76]  [0.3292, 0.6669]
367	:	[100]  ->  [71]  [0.3688, 0.7472]
368	:	[19]  ->  [29]  [0.3260, 0.6562]
369	:	[19]  ->  [52]  [0.3408, 0.6860]
370	:	[19]  ->  [49]  [0.3444, 0.6932]
371	:	[19]  ->  [67]  [0.3320, 0.6683]
372	:	[19]  ->  [75]  [0.3424, 0.6892]
373	:	[19]  ->  [76]  [0.3336, 0.6715]
374	:	[19]  ->  [71]  [0.3504, 0.7053]
375	:	[32]  ->  [10]  [0.3252, 0.6541]
376	:	[32]  ->  [68]  [0.3384, 0.6806]
377	:	[32]  ->  [49]  [0.3252, 0.6541]
378	:	[32]  ->  [45]  [0.3412, 0.6862]
379	:	[32]  ->  [75]  [0.3540, 0.7120]
380	:	[32]  ->  [71]  [0.3352, 0.6742]
381	:	[78]  ->  [31]  [0.3352, 0.6720]
382	:	[78]  ->  [37]  [0.3300, 0.6616]
383	:	[78]  ->  [52]  [0.3280, 0.6576]
384	:	[78]  ->  [45]  [0.3340, 0.6696]
385	:	[78]  ->  [67]  [0.3312, 0.6640]
386	:	[78]  ->  [75]  [0.3488, 0.6993]
387	:	[78]  ->  [76]  [0.3500, 0.7017]
388	:	[78]  ->  [71]  [0.3556, 0.7129]
389	:	[36]  ->  [96]  [0.3304, 0.6619]
390	:	[96]  ->  [36]  [0.3304, 0.6587]
391	:	[36]  ->  [10]  [0.3264, 0.6538]
392	:	[36]  ->  [68]  [0.3304, 0.6619]
393	:	[36]  ->  [52]  [0.3592, 0.7196]
394	:	[36]  ->  [49]  [0.3372, 0.6755]
395	:	[36]  ->  [45]  [0.3508, 0.7027]
396	:	[36]  ->  [51]  [0.3392, 0.6795]
397	:	[36]  ->  [67]  [0.3660, 0.7332]
398	:	[36]  ->  [76]  [0.3264, 0.6538]
399	:	[36]  ->  [71]  [0.3656, 0.7324]
400	:	[96]  ->  [91]  [0.3296, 0.6571]
401	:	[96]  ->  [68]  [0.3296, 0.6571]
402	:	[96]  ->  [62]  [0.3324, 0.6627]
403	:	[96]  ->  [52]  [0.3320, 0.6619]
404	:	[96]  ->  [49]  [0.3380, 0.6738]
405	:	[96]  ->  [45]  [0.3552, 0.7081]
406	:	[96]  ->  [51]  [0.3276, 0.6531]
407	:	[96]  ->  [67]  [0.3404, 0.6786]
408	:	[96]  ->  [75]  [0.3316, 0.6611]
409	:	[96]  ->  [76]  [0.3376, 0.6730]
410	:	[96]  ->  [71]  [0.3580, 0.7137]
411	:	[53]  ->  [84]  [0.3404, 0.6738]
412	:	[84]  ->  [53]  [0.3404, 0.6551]
413	:	[53]  ->  [31]  [0.3484, 0.6896]
414	:	[31]  ->  [53]  [0.3484, 0.6619]
415	:	[53]  ->  [10]  [0.3320, 0.6572]
416	:	[53]  ->  [62]  [0.3296, 0.6524]
417	:	[53]  ->  [29]  [0.3328, 0.6587]
418	:	[53]  ->  [52]  [0.3292, 0.6516]
419	:	[53]  ->  [45]  [0.3424, 0.6778]
420	:	[53]  ->  [67]  [0.3328, 0.6587]
421	:	[53]  ->  [75]  [0.3432, 0.6793]
422	:	[53]  ->  [76]  [0.3284, 0.6500]
423	:	[53]  ->  [71]  [0.3524, 0.6975]
424	:	[89]  ->  [10]  [0.3336, 0.6593]
425	:	[89]  ->  [62]  [0.3440, 0.6798]
426	:	[89]  ->  [52]  [0.3384, 0.6688]
427	:	[89]  ->  [49]  [0.3600, 0.7115]
428	:	[89]  ->  [45]  [0.3724, 0.7360]
429	:	[89]  ->  [51]  [0.3380, 0.6680]
430	:	[89]  ->  [67]  [0.3356, 0.6632]
431	:	[89]  ->  [75]  [0.3368, 0.6656]
432	:	[89]  ->  [76]  [0.3444, 0.6806]
433	:	[89]  ->  [71]  [0.3636, 0.7186]
434	:	[33]  ->  [4]  [0.3452, 0.6817]
435	:	[4]  ->  [33]  [0.3452, 0.6583]
436	:	[33]  ->  [10]  [0.3300, 0.6517]
437	:	[33]  ->  [52]  [0.3348, 0.6611]
438	:	[33]  ->  [49]  [0.3400, 0.6714]
439	:	[33]  ->  [45]  [0.3308, 0.6532]
440	:	[33]  ->  [51]  [0.3412, 0.6738]
441	:	[33]  ->  [67]  [0.3292, 0.6501]
442	:	[33]  ->  [75]  [0.3364, 0.6643]
443	:	[33]  ->  [76]  [0.3352, 0.6619]
444	:	[33]  ->  [71]  [0.3500, 0.6912]
445	:	[35]  ->  [84]  [0.3736, 0.7285]
446	:	[84]  ->  [35]  [0.3736, 0.7190]
447	:	[35]  ->  [4]  [0.3392, 0.6615]
448	:	[35]  ->  [68]  [0.3376, 0.6583]
449	:	[35]  ->  [29]  [0.3440, 0.6708]
450	:	[35]  ->  [51]  [0.3552, 0.6927]
451	:	[35]  ->  [75]  [0.3344, 0.6521]
452	:	[35]  ->  [76]  [0.3340, 0.6513]
453	:	[35]  ->  [71]  [0.3680, 0.7176]
454	:	[23]  ->  [5]  [0.3444, 0.6644]
455	:	[5]  ->  [23]  [0.3444, 0.6563]
456	:	[23]  ->  [37]  [0.3372, 0.6505]
457	:	[23]  ->  [73]  [0.3388, 0.6535]
458	:	[23]  ->  [62]  [0.3428, 0.6613]
459	:	[23]  ->  [52]  [0.3440, 0.6636]
460	:	[23]  ->  [51]  [0.3516, 0.6782]
461	:	[23]  ->  [75]  [0.3436, 0.6628]
462	:	[23]  ->  [76]  [0.3516, 0.6782]
463	:	[23]  ->  [71]  [0.3440, 0.6636]
464	:	[84]  ->  [91]  [0.3492, 0.6721]
465	:	[91]  ->  [84]  [0.3492, 0.6659]
466	:	[84]  ->  [68]  [0.3420, 0.6582]
467	:	[84]  ->  [29]  [0.3400, 0.6543]
468	:	[84]  ->  [49]  [0.3472, 0.6682]
469	:	[84]  ->  [51]  [0.3620, 0.6967]
470	:	[84]  ->  [75]  [0.3624, 0.6975]
471	:	[84]  ->  [76]  [0.3608, 0.6944]
472	:	[84]  ->  [71]  [0.3664, 0.7052]
473	:	[60]  ->  [29]  [0.3488, 0.6708]
474	:	[60]  ->  [51]  [0.3680, 0.7077]
475	:	[60]  ->  [67]  [0.3472, 0.6677]
476	:	[60]  ->  [76]  [0.3528, 0.6785]
477	:	[60]  ->  [71]  [0.3876, 0.7454]
478	:	[5]  ->  [91]  [0.3412, 0.6502]
479	:	[91]  ->  [5]  [0.3412, 0.6506]
480	:	[5]  ->  [68]  [0.3588, 0.6837]
481	:	[5]  ->  [62]  [0.3472, 0.6616]
482	:	[5]  ->  [29]  [0.3472, 0.6616]
483	:	[5]  ->  [52]  [0.3668, 0.6989]
484	:	[5]  ->  [49]  [0.3500, 0.6669]
485	:	[5]  ->  [45]  [0.3676, 0.7005]
486	:	[5]  ->  [67]  [0.3640, 0.6936]
487	:	[5]  ->  [75]  [0.3428, 0.6532]
488	:	[5]  ->  [76]  [0.3468, 0.6608]
489	:	[5]  ->  [71]  [0.3720, 0.7088]
490	:	[31]  ->  [4]  [0.3440, 0.6535]
491	:	[4]  ->  [31]  [0.3440, 0.6560]
492	:	[31]  ->  [10]  [0.3468, 0.6588]
493	:	[10]  ->  [31]  [0.3468, 0.6504]
494	:	[31]  ->  [68]  [0.3440, 0.6535]
495	:	[31]  ->  [45]  [0.3628, 0.6892]
496	:	[31]  ->  [67]  [0.3600, 0.6839]
497	:	[31]  ->  [75]  [0.3556, 0.6755]
498	:	[31]  ->  [76]  [0.3740, 0.7105]
499	:	[76, 71]  ->  [31]  [0.3000, 0.7260]
500	:	[31, 71]  ->  [76]  [0.3000, 0.7821]
501	:	[31, 76]  ->  [71]  [0.3000, 0.8021]
502	:	[31]  ->  [71]  [0.3836, 0.7287]
503	:	[91]  ->  [29]  [0.3688, 0.7033]
504	:	[29]  ->  [91]  [0.3688, 0.6605]
505	:	[91]  ->  [49]  [0.3732, 0.7117]
506	:	[91]  ->  [45]  [0.3568, 0.6804]
507	:	[91]  ->  [51]  [0.3624, 0.6911]
508	:	[91]  ->  [67]  [0.3536, 0.6743]
509	:	[91]  ->  [75]  [0.3528, 0.6728]
510	:	[91]  ->  [76]  [0.3668, 0.6995]
511	:	[91]  ->  [71]  [0.3732, 0.7117]
512	:	[4]  ->  [10]  [0.3416, 0.6514]
513	:	[4]  ->  [62]  [0.3480, 0.6636]
514	:	[4]  ->  [52]  [0.3464, 0.6606]
515	:	[4]  ->  [45]  [0.3464, 0.6606]
516	:	[4]  ->  [51]  [0.3424, 0.6529]
517	:	[4]  ->  [75]  [0.3676, 0.7010]
518	:	[4]  ->  [76]  [0.3420, 0.6522]
519	:	[4]  ->  [71]  [0.3604, 0.6873]
520	:	[37]  ->  [68]  [0.3644, 0.6912]
521	:	[68]  ->  [37]  [0.3644, 0.6554]
522	:	[37]  ->  [52]  [0.3612, 0.6851]
523	:	[37]  ->  [51]  [0.3500, 0.6639]
524	:	[37]  ->  [67]  [0.3740, 0.7094]
525	:	[67, 71]  ->  [37]  [0.3144, 0.7366]
526	:	[37, 71]  ->  [67]  [0.3144, 0.7836]
527	:	[37, 67]  ->  [71]  [0.3144, 0.8406]
528	:	[37]  ->  [76]  [0.3512, 0.6662]
529	:	[37]  ->  [71]  [0.4012, 0.7610]
530	:	[71]  ->  [37]  [0.4012, 0.6669]
531	:	[73]  ->  [52]  [0.3540, 0.6595]
532	:	[73]  ->  [45]  [0.3596, 0.6699]
533	:	[73]  ->  [76]  [0.3644, 0.6788]
534	:	[73]  ->  [71]  [0.3548, 0.6610]
535	:	[10]  ->  [68]  [0.3552, 0.6662]
536	:	[10]  ->  [45]  [0.3704, 0.6947]
537	:	[45, 71]  ->  [10]  [0.3036, 0.7291]
538	:	[10, 71]  ->  [45]  [0.3036, 0.7882]
539	:	[10, 45]  ->  [71]  [0.3036, 0.8197]
540	:	[10]  ->  [67]  [0.3612, 0.6774]
541	:	[10]  ->  [75]  [0.3688, 0.6917]
542	:	[10]  ->  [76]  [0.3512, 0.6587]
543	:	[10]  ->  [71]  [0.3852, 0.7224]
544	:	[68]  ->  [67]  [0.3636, 0.6540]
545	:	[68]  ->  [71]  [0.3872, 0.6964]
546	:	[62]  ->  [52]  [0.3896, 0.6927]
547	:	[52]  ->  [62]  [0.3896, 0.6806]
548	:	[62]  ->  [75]  [0.3760, 0.6686]
549	:	[75, 76]  ->  [62]  [0.3084, 0.7500]
550	:	[62, 76]  ->  [75]  [0.3084, 0.8023]
551	:	[62, 75]  ->  [76]  [0.3084, 0.8202]
552	:	[62]  ->  [76]  [0.3844, 0.6835]
553	:	[76]  ->  [62]  [0.3844, 0.6542]
554	:	[62]  ->  [71]  [0.3684, 0.6550]
555	:	[29]  ->  [45]  [0.3908, 0.6999]
556	:	[45]  ->  [29]  [0.3908, 0.6761]
557	:	[45, 76]  ->  [29]  [0.3092, 0.7404]
558	:	[29, 76]  ->  [45]  [0.3092, 0.7872]
559	:	[29, 45]  ->  [76]  [0.3092, 0.7912]
560	:	[29]  ->  [51]  [0.3828, 0.6855]
561	:	[51]  ->  [29]  [0.3828, 0.6573]
562	:	[51, 76]  ->  [29]  [0.3020, 0.7274]
563	:	[29, 76]  ->  [51]  [0.3020, 0.7688]
564	:	[29, 51]  ->  [76]  [0.3020, 0.7889]
565	:	[29]  ->  [76]  [0.3928, 0.7034]
566	:	[76]  ->  [29]  [0.3928, 0.6685]
567	:	[29]  ->  [71]  [0.3840, 0.6877]
568	:	[52]  ->  [49]  [0.3780, 0.6604]
569	:	[52]  ->  [76]  [0.3872, 0.6765]
570	:	[76]  ->  [52]  [0.3872, 0.6590]
571	:	[52]  ->  [71]  [0.3876, 0.6771]
572	:	[49]  ->  [51]  [0.4012, 0.6828]
573	:	[51]  ->  [49]  [0.4012, 0.6889]
574	:	[51, 67]  ->  [49]  [0.3064, 0.8021]
575	:	[49, 67]  ->  [51]  [0.3064, 0.7856]
576	:	[49, 51]  ->  [67]  [0.3064, 0.7637]
577	:	[51, 76]  ->  [49]  [0.3020, 0.7274]
578	:	[49, 76]  ->  [51]  [0.3020, 0.8224]
579	:	[49, 51]  ->  [76]  [0.3020, 0.7527]
580	:	[49]  ->  [67]  [0.3900, 0.6637]
581	:	[67, 71]  ->  [49]  [0.3040, 0.7123]
582	:	[49, 71]  ->  [67]  [0.3040, 0.7983]
583	:	[49, 67]  ->  [71]  [0.3040, 0.7795]
584	:	[51, 76]  ->  [45]  [0.3028, 0.7293]
585	:	[45, 76]  ->  [51]  [0.3028, 0.7251]
586	:	[45, 51]  ->  [76]  [0.3028, 0.8184]
587	:	[67, 71]  ->  [45]  [0.3024, 0.7085]
588	:	[45, 71]  ->  [67]  [0.3024, 0.7262]
589	:	[45, 67]  ->  [71]  [0.3024, 0.8094]
590	:	[45]  ->  [75]  [0.4120, 0.7128]
591	:	[75, 76]  ->  [45]  [0.3156, 0.7675]
592	:	[45, 76]  ->  [75]  [0.3156, 0.7557]
593	:	[45, 75]  ->  [76]  [0.3156, 0.7660]
594	:	[75, 71]  ->  [45]  [0.3052, 0.7778]
595	:	[45, 71]  ->  [75]  [0.3052, 0.7329]
596	:	[45, 75]  ->  [71]  [0.3052, 0.7408]
597	:	[45]  ->  [76]  [0.4176, 0.7225]
598	:	[76]  ->  [45]  [0.4176, 0.7107]
599	:	[76, 71]  ->  [45]  [0.3260, 0.7890]
600	:	[45, 71]  ->  [76]  [0.3260, 0.7829]
601	:	[45, 76]  ->  [71]  [0.3260, 0.7807]
602	:	[45]  ->  [71]  [0.4164, 0.7204]
603	:	[71]  ->  [45]  [0.4164, 0.6922]
604	:	[51]  ->  [67]  [0.3820, 0.6559]
605	:	[67, 71]  ->  [51]  [0.3016, 0.7067]
606	:	[51, 71]  ->  [67]  [0.3016, 0.7757]
607	:	[51, 67]  ->  [71]  [0.3016, 0.7895]
608	:	[75, 76]  ->  [51]  [0.3080, 0.7490]
609	:	[51, 76]  ->  [75]  [0.3080, 0.7418]
610	:	[51, 75]  ->  [76]  [0.3080, 0.8280]
611	:	[51]  ->  [76]  [0.4152, 0.7129]
612	:	[76]  ->  [51]  [0.4152, 0.7066]
613	:	[76, 71]  ->  [51]  [0.3012, 0.7289]
614	:	[51, 71]  ->  [76]  [0.3012, 0.7747]
615	:	[51, 76]  ->  [71]  [0.3012, 0.7254]
616	:	[51]  ->  [71]  [0.3888, 0.6676]
617	:	[67]  ->  [71]  [0.4268, 0.6897]
618	:	[71]  ->  [67]  [0.4268, 0.7094]
619	:	[76]  ->  [75]  [0.4112, 0.6998]
620	:	[76, 71]  ->  [75]  [0.3036, 0.7348]
621	:	[75, 71]  ->  [76]  [0.3036, 0.7737]
622	:	[75, 76]  ->  [71]  [0.3036, 0.7383]
623	:	[71]  ->  [75]  [0.3924, 0.6523]
624	:	[76]  ->  [71]  [0.4132, 0.7032]
625	:	[71]  ->  [76]  [0.4132, 0.6868]
