No	:	[A]	->	[B]	[s, c]
-----------------------------------------------------------------------------
1	:	[14]  ->  [75]  [0.3008, 0.7941]
2	:	[66]  ->  [78]  [0.3008, 0.7650]
3	:	[78]  ->  [66]  [0.3008, 0.6030]
4	:	[59]  ->  [29]  [0.3116, 0.7829]
5	:	[29]  ->  [59]  [0.3116, 0.5580]
6	:	[61]  ->  [76]  [0.3220, 0.8050]
7	:	[97]  ->  [91]  [0.3012, 0.7304]
8	:	[91]  ->  [97]  [0.3012, 0.5744]
9	:	[97]  ->  [51]  [0.3072, 0.7449]
10	:	[97]  ->  [71]  [0.3128, 0.7585]
11	:	[2]  ->  [71]  [0.3180, 0.7696]
12	:	[54]  ->  [45]  [0.3076, 0.7401]
13	:	[82]  ->  [84]  [0.3072, 0.7191]
14	:	[84]  ->  [82]  [0.3072, 0.5912]
15	:	[82]  ->  [75]  [0.3252, 0.7612]
16	:	[82]  ->  [76]  [0.3048, 0.7135]
17	:	[74]  ->  [73]  [0.3296, 0.7518]
18	:	[73]  ->  [74]  [0.3296, 0.6140]
19	:	[74]  ->  [29]  [0.3028, 0.6907]
20	:	[74]  ->  [45]  [0.3032, 0.6916]
21	:	[24]  ->  [45]  [0.3224, 0.7152]
22	:	[45]  ->  [24]  [0.3224, 0.5578]
23	:	[24]  ->  [76]  [0.3048, 0.6761]
24	:	[24]  ->  [71]  [0.3380, 0.7498]
25	:	[71]  ->  [24]  [0.3380, 0.5618]
26	:	[72]  ->  [4]  [0.3028, 0.6606]
27	:	[4]  ->  [72]  [0.3028, 0.5774]
28	:	[72]  ->  [68]  [0.3136, 0.6841]
29	:	[68]  ->  [72]  [0.3136, 0.5640]
30	:	[72]  ->  [75]  [0.3008, 0.6562]
31	:	[63]  ->  [56]  [0.3044, 0.7086]
32	:	[56]  ->  [63]  [0.3044, 0.6466]
33	:	[79]  ->  [4]  [0.3008, 0.6744]
34	:	[4]  ->  [79]  [0.3008, 0.5736]
35	:	[79]  ->  [62]  [0.3016, 0.6762]
36	:	[79]  ->  [52]  [0.3100, 0.6951]
37	:	[79]  ->  [49]  [0.3048, 0.6834]
38	:	[95]  ->  [73]  [0.3004, 0.6922]
39	:	[73]  ->  [95]  [0.3004, 0.5596]
40	:	[25]  ->  [33]  [0.3256, 0.7468]
41	:	[33]  ->  [25]  [0.3256, 0.6430]
42	:	[25]  ->  [84]  [0.3108, 0.7128]
43	:	[84]  ->  [25]  [0.3108, 0.5982]
44	:	[25]  ->  [4]  [0.3052, 0.7000]
45	:	[4]  ->  [25]  [0.3052, 0.5820]
46	:	[25]  ->  [62]  [0.3184, 0.7303]
47	:	[62]  ->  [25]  [0.3184, 0.5661]
48	:	[25]  ->  [51]  [0.3148, 0.7220]
49	:	[44]  ->  [10]  [0.3408, 0.7717]
50	:	[10]  ->  [44]  [0.3408, 0.6392]
51	:	[44]  ->  [45]  [0.3008, 0.6812]
52	:	[44]  ->  [51]  [0.3036, 0.6875]
53	:	[44]  ->  [75]  [0.3032, 0.6866]
54	:	[44]  ->  [76]  [0.3088, 0.6993]
55	:	[44]  ->  [71]  [0.3312, 0.7500]
56	:	[71]  ->  [44]  [0.3312, 0.5505]
57	:	[17]  ->  [20]  [0.3024, 0.6829]
58	:	[20]  ->  [17]  [0.3024, 0.6305]
59	:	[17]  ->  [62]  [0.3156, 0.7127]
60	:	[62]  ->  [17]  [0.3156, 0.5612]
61	:	[17]  ->  [52]  [0.3312, 0.7480]
62	:	[52]  ->  [17]  [0.3312, 0.5786]
63	:	[17]  ->  [49]  [0.3340, 0.7543]
64	:	[49]  ->  [17]  [0.3340, 0.5684]
65	:	[17]  ->  [71]  [0.3080, 0.6956]
66	:	[77]  ->  [60]  [0.3288, 0.7432]
67	:	[60]  ->  [77]  [0.3288, 0.6323]
68	:	[77]  ->  [37]  [0.3028, 0.6844]
69	:	[37]  ->  [77]  [0.3028, 0.5744]
70	:	[77]  ->  [73]  [0.3112, 0.7034]
71	:	[73]  ->  [77]  [0.3112, 0.5797]
72	:	[77]  ->  [49]  [0.3016, 0.6817]
73	:	[77]  ->  [67]  [0.3164, 0.7152]
74	:	[77]  ->  [76]  [0.3132, 0.7080]
75	:	[77]  ->  [71]  [0.3244, 0.7333]
76	:	[1]  ->  [20]  [0.3000, 0.6739]
77	:	[20]  ->  [1]  [0.3000, 0.6255]
78	:	[1]  ->  [5]  [0.3000, 0.6739]
79	:	[5]  ->  [1]  [0.3000, 0.5716]
80	:	[1]  ->  [31]  [0.3076, 0.6909]
81	:	[31]  ->  [1]  [0.3076, 0.5843]
82	:	[1]  ->  [68]  [0.3120, 0.7008]
83	:	[68]  ->  [1]  [0.3120, 0.5612]
84	:	[1]  ->  [52]  [0.3092, 0.6945]
85	:	[1]  ->  [49]  [0.3240, 0.7278]
86	:	[49]  ->  [1]  [0.3240, 0.5514]
87	:	[1]  ->  [45]  [0.3112, 0.6990]
88	:	[1]  ->  [67]  [0.3036, 0.6819]
89	:	[1]  ->  [75]  [0.3112, 0.6990]
90	:	[1]  ->  [76]  [0.3012, 0.6765]
91	:	[1]  ->  [71]  [0.3176, 0.7134]
92	:	[64]  ->  [60]  [0.3000, 0.6250]
93	:	[60]  ->  [64]  [0.3000, 0.5769]
94	:	[64]  ->  [10]  [0.3016, 0.6283]
95	:	[10]  ->  [64]  [0.3016, 0.5656]
96	:	[64]  ->  [75]  [0.3156, 0.6575]
97	:	[9]  ->  [15]  [0.3128, 0.6939]
98	:	[15]  ->  [9]  [0.3128, 0.6549]
99	:	[9]  ->  [89]  [0.3140, 0.6965]
100	:	[89]  ->  [9]  [0.3140, 0.6206]
101	:	[9]  ->  [4]  [0.3000, 0.6655]
102	:	[4]  ->  [9]  [0.3000, 0.5721]
103	:	[9]  ->  [68]  [0.3064, 0.6797]
104	:	[68]  ->  [9]  [0.3064, 0.5511]
105	:	[9]  ->  [62]  [0.3248, 0.7205]
106	:	[62]  ->  [9]  [0.3248, 0.5775]
107	:	[9]  ->  [49]  [0.3044, 0.6752]
108	:	[9]  ->  [45]  [0.3228, 0.7161]
109	:	[45]  ->  [9]  [0.3228, 0.5585]
110	:	[9]  ->  [67]  [0.3008, 0.6673]
111	:	[9]  ->  [75]  [0.3096, 0.6868]
112	:	[9]  ->  [76]  [0.3172, 0.7036]
113	:	[9]  ->  [71]  [0.3284, 0.7285]
114	:	[69]  ->  [43]  [0.3024, 0.6702]
115	:	[43]  ->  [69]  [0.3024, 0.6258]
116	:	[69]  ->  [100]  [0.3064, 0.6791]
117	:	[100]  ->  [69]  [0.3064, 0.6207]
118	:	[69]  ->  [84]  [0.3032, 0.6720]
119	:	[84]  ->  [69]  [0.3032, 0.5835]
120	:	[69]  ->  [73]  [0.3044, 0.6746]
121	:	[73]  ->  [69]  [0.3044, 0.5671]
122	:	[69]  ->  [51]  [0.3144, 0.6968]
123	:	[69]  ->  [67]  [0.3204, 0.7101]
124	:	[69]  ->  [75]  [0.3116, 0.6906]
125	:	[69]  ->  [76]  [0.3360, 0.7447]
126	:	[76]  ->  [69]  [0.3360, 0.5718]
127	:	[69]  ->  [71]  [0.3144, 0.6968]
128	:	[65]  ->  [73]  [0.3004, 0.6611]
129	:	[73]  ->  [65]  [0.3004, 0.5596]
130	:	[65]  ->  [10]  [0.3128, 0.6884]
131	:	[10]  ->  [65]  [0.3128, 0.5866]
132	:	[65]  ->  [68]  [0.3036, 0.6681]
133	:	[65]  ->  [52]  [0.3376, 0.7430]
134	:	[52]  ->  [65]  [0.3376, 0.5898]
135	:	[65]  ->  [45]  [0.3008, 0.6620]
136	:	[65]  ->  [67]  [0.3004, 0.6611]
137	:	[65]  ->  [76]  [0.3144, 0.6919]
138	:	[65]  ->  [71]  [0.3452, 0.7597]
139	:	[71]  ->  [65]  [0.3452, 0.5738]
140	:	[21]  ->  [83]  [0.3068, 0.6635]
141	:	[83]  ->  [21]  [0.3068, 0.6445]
142	:	[21]  ->  [29]  [0.3084, 0.6670]
143	:	[29]  ->  [21]  [0.3084, 0.5523]
144	:	[21]  ->  [52]  [0.3100, 0.6704]
145	:	[21]  ->  [45]  [0.3032, 0.6557]
146	:	[21]  ->  [67]  [0.3284, 0.7102]
147	:	[21]  ->  [76]  [0.3116, 0.6739]
148	:	[21]  ->  [71]  [0.3024, 0.6540]
149	:	[86]  ->  [26]  [0.3088, 0.6766]
150	:	[26]  ->  [86]  [0.3088, 0.6349]
151	:	[86]  ->  [33]  [0.3036, 0.6652]
152	:	[33]  ->  [86]  [0.3036, 0.5995]
153	:	[86]  ->  [60]  [0.3100, 0.6792]
154	:	[60]  ->  [86]  [0.3100, 0.5962]
155	:	[86]  ->  [91]  [0.3088, 0.6766]
156	:	[91]  ->  [86]  [0.3088, 0.5889]
157	:	[86]  ->  [37]  [0.3096, 0.6784]
158	:	[37]  ->  [86]  [0.3096, 0.5873]
159	:	[86]  ->  [68]  [0.3140, 0.6880]
160	:	[68]  ->  [86]  [0.3140, 0.5647]
161	:	[86]  ->  [76]  [0.3324, 0.7283]
162	:	[76]  ->  [86]  [0.3324, 0.5657]
163	:	[86]  ->  [71]  [0.3312, 0.7257]
164	:	[71]  ->  [86]  [0.3312, 0.5505]
165	:	[99]  ->  [100]  [0.3056, 0.6598]
166	:	[100]  ->  [99]  [0.3056, 0.6191]
167	:	[99]  ->  [78]  [0.3044, 0.6572]
168	:	[78]  ->  [99]  [0.3044, 0.6103]
169	:	[99]  ->  [33]  [0.3024, 0.6528]
170	:	[33]  ->  [99]  [0.3024, 0.5972]
171	:	[99]  ->  [5]  [0.3040, 0.6563]
172	:	[5]  ->  [99]  [0.3040, 0.5793]
173	:	[99]  ->  [73]  [0.3016, 0.6511]
174	:	[73]  ->  [99]  [0.3016, 0.5618]
175	:	[99]  ->  [62]  [0.3104, 0.6701]
176	:	[62]  ->  [99]  [0.3104, 0.5519]
177	:	[99]  ->  [29]  [0.3044, 0.6572]
178	:	[99]  ->  [52]  [0.3064, 0.6615]
179	:	[99]  ->  [49]  [0.3144, 0.6788]
180	:	[99]  ->  [45]  [0.3244, 0.7003]
181	:	[45]  ->  [99]  [0.3244, 0.5612]
182	:	[99]  ->  [51]  [0.3284, 0.7090]
183	:	[51]  ->  [99]  [0.3284, 0.5639]
184	:	[99]  ->  [67]  [0.3248, 0.7012]
185	:	[99]  ->  [76]  [0.3144, 0.6788]
186	:	[99]  ->  [71]  [0.3244, 0.7003]
187	:	[46]  ->  [78]  [0.3220, 0.6940]
188	:	[78]  ->  [46]  [0.3220, 0.6455]
189	:	[46]  ->  [31]  [0.3148, 0.6784]
190	:	[31]  ->  [46]  [0.3148, 0.5980]
191	:	[46]  ->  [73]  [0.3080, 0.6638]
192	:	[73]  ->  [46]  [0.3080, 0.5738]
193	:	[46]  ->  [52]  [0.3024, 0.6517]
194	:	[46]  ->  [49]  [0.3032, 0.6534]
195	:	[46]  ->  [45]  [0.3244, 0.6991]
196	:	[45]  ->  [46]  [0.3244, 0.5612]
197	:	[46]  ->  [67]  [0.3136, 0.6759]
198	:	[46]  ->  [75]  [0.3060, 0.6595]
199	:	[46]  ->  [76]  [0.3016, 0.6500]
200	:	[46]  ->  [71]  [0.3212, 0.6922]
201	:	[7]  ->  [58]  [0.3192, 0.6856]
202	:	[58]  ->  [7]  [0.3192, 0.6746]
203	:	[7]  ->  [84]  [0.3008, 0.6460]
204	:	[84]  ->  [7]  [0.3008, 0.5789]
205	:	[7]  ->  [4]  [0.3136, 0.6735]
206	:	[4]  ->  [7]  [0.3136, 0.5980]
207	:	[7]  ->  [68]  [0.3092, 0.6641]
208	:	[68]  ->  [7]  [0.3092, 0.5561]
209	:	[7]  ->  [62]  [0.3216, 0.6907]
210	:	[62]  ->  [7]  [0.3216, 0.5718]
211	:	[7]  ->  [29]  [0.3132, 0.6727]
212	:	[29]  ->  [7]  [0.3132, 0.5609]
213	:	[7]  ->  [52]  [0.3160, 0.6787]
214	:	[52]  ->  [7]  [0.3160, 0.5521]
215	:	[7]  ->  [49]  [0.3172, 0.6813]
216	:	[7]  ->  [45]  [0.3092, 0.6641]
217	:	[7]  ->  [75]  [0.3168, 0.6804]
218	:	[7]  ->  [76]  [0.3128, 0.6718]
219	:	[7]  ->  [71]  [0.3204, 0.6881]
220	:	[34]  ->  [4]  [0.3116, 0.6704]
221	:	[4]  ->  [34]  [0.3116, 0.5942]
222	:	[34]  ->  [37]  [0.3068, 0.6601]
223	:	[37]  ->  [34]  [0.3068, 0.5819]
224	:	[34]  ->  [10]  [0.3204, 0.6893]
225	:	[10]  ->  [34]  [0.3204, 0.6009]
226	:	[34]  ->  [49]  [0.3244, 0.6979]
227	:	[49]  ->  [34]  [0.3244, 0.5521]
228	:	[34]  ->  [45]  [0.3104, 0.6678]
229	:	[34]  ->  [67]  [0.3284, 0.7065]
230	:	[34]  ->  [75]  [0.3036, 0.6532]
231	:	[34]  ->  [71]  [0.3176, 0.6833]
232	:	[80]  ->  [32]  [0.3112, 0.6661]
233	:	[32]  ->  [80]  [0.3112, 0.6259]
234	:	[80]  ->  [23]  [0.3060, 0.6550]
235	:	[23]  ->  [80]  [0.3060, 0.5903]
236	:	[80]  ->  [5]  [0.3176, 0.6798]
237	:	[5]  ->  [80]  [0.3176, 0.6052]
238	:	[80]  ->  [31]  [0.3200, 0.6849]
239	:	[31]  ->  [80]  [0.3200, 0.6079]
240	:	[80]  ->  [73]  [0.3260, 0.6978]
241	:	[73]  ->  [80]  [0.3260, 0.6073]
242	:	[80]  ->  [68]  [0.3136, 0.6712]
243	:	[68]  ->  [80]  [0.3136, 0.5640]
244	:	[80]  ->  [62]  [0.3016, 0.6455]
245	:	[80]  ->  [49]  [0.3088, 0.6610]
246	:	[80]  ->  [45]  [0.3180, 0.6807]
247	:	[45]  ->  [80]  [0.3180, 0.5502]
248	:	[80]  ->  [67]  [0.3300, 0.7063]
249	:	[80]  ->  [76]  [0.3192, 0.6832]
250	:	[80]  ->  [71]  [0.3320, 0.7106]
251	:	[71]  ->  [80]  [0.3320, 0.5519]
252	:	[3]  ->  [27]  [0.3136, 0.6689]
253	:	[27]  ->  [3]  [0.3136, 0.6661]
254	:	[3]  ->  [83]  [0.3044, 0.6493]
255	:	[83]  ->  [3]  [0.3044, 0.6395]
256	:	[3]  ->  [30]  [0.3072, 0.6553]
257	:	[30]  ->  [3]  [0.3072, 0.6321]
258	:	[3]  ->  [19]  [0.3060, 0.6527]
259	:	[19]  ->  [3]  [0.3060, 0.6159]
260	:	[3]  ->  [33]  [0.3020, 0.6442]
261	:	[33]  ->  [3]  [0.3020, 0.5964]
262	:	[3]  ->  [35]  [0.3340, 0.7125]
263	:	[35]  ->  [3]  [0.3340, 0.6513]
264	:	[3]  ->  [84]  [0.3404, 0.7261]
265	:	[84]  ->  [3]  [0.3404, 0.6551]
266	:	[3]  ->  [73]  [0.3196, 0.6817]
267	:	[73]  ->  [3]  [0.3196, 0.5954]
268	:	[3]  ->  [68]  [0.3056, 0.6519]
269	:	[3]  ->  [29]  [0.3496, 0.7457]
270	:	[29]  ->  [3]  [0.3496, 0.6261]
271	:	[3]  ->  [52]  [0.3232, 0.6894]
272	:	[52]  ->  [3]  [0.3232, 0.5646]
273	:	[3]  ->  [49]  [0.3392, 0.7235]
274	:	[49]  ->  [3]  [0.3392, 0.5773]
275	:	[3]  ->  [45]  [0.3244, 0.6920]
276	:	[45]  ->  [3]  [0.3244, 0.5612]
277	:	[3]  ->  [51]  [0.3436, 0.7329]
278	:	[51]  ->  [3]  [0.3436, 0.5900]
279	:	[3]  ->  [67]  [0.3100, 0.6613]
280	:	[3]  ->  [76]  [0.3332, 0.7108]
281	:	[76]  ->  [3]  [0.3332, 0.5671]
282	:	[3]  ->  [71]  [0.3296, 0.7031]
283	:	[56]  ->  [60]  [0.3016, 0.6406]
284	:	[60]  ->  [56]  [0.3016, 0.5800]
285	:	[56]  ->  [31]  [0.3136, 0.6661]
286	:	[31]  ->  [56]  [0.3136, 0.5957]
287	:	[56]  ->  [37]  [0.3320, 0.7052]
288	:	[37]  ->  [56]  [0.3320, 0.6297]
289	:	[56]  ->  [73]  [0.3288, 0.6984]
290	:	[73]  ->  [56]  [0.3288, 0.6125]
291	:	[56]  ->  [68]  [0.3056, 0.6491]
292	:	[56]  ->  [52]  [0.3076, 0.6534]
293	:	[56]  ->  [49]  [0.3064, 0.6508]
294	:	[56]  ->  [45]  [0.3108, 0.6602]
295	:	[56]  ->  [51]  [0.3064, 0.6508]
296	:	[56]  ->  [67]  [0.3248, 0.6899]
297	:	[56]  ->  [76]  [0.3224, 0.6848]
298	:	[56]  ->  [71]  [0.3088, 0.6559]
299	:	[27]  ->  [30]  [0.3284, 0.6975]
300	:	[30]  ->  [27]  [0.3284, 0.6757]
301	:	[27]  ->  [32]  [0.3000, 0.6372]
302	:	[32]  ->  [27]  [0.3000, 0.6034]
303	:	[27]  ->  [33]  [0.3216, 0.6831]
304	:	[33]  ->  [27]  [0.3216, 0.6351]
305	:	[27]  ->  [60]  [0.3244, 0.6890]
306	:	[60]  ->  [27]  [0.3244, 0.6238]
307	:	[27]  ->  [5]  [0.3136, 0.6661]
308	:	[5]  ->  [27]  [0.3136, 0.5976]
309	:	[27]  ->  [10]  [0.3000, 0.6372]
310	:	[10]  ->  [27]  [0.3000, 0.5626]
311	:	[27]  ->  [68]  [0.3220, 0.6839]
312	:	[68]  ->  [27]  [0.3220, 0.5791]
313	:	[27]  ->  [29]  [0.3096, 0.6576]
314	:	[29]  ->  [27]  [0.3096, 0.5544]
315	:	[27]  ->  [52]  [0.3068, 0.6517]
316	:	[27]  ->  [49]  [0.3032, 0.6440]
317	:	[27]  ->  [45]  [0.3236, 0.6873]
318	:	[45]  ->  [27]  [0.3236, 0.5599]
319	:	[27]  ->  [51]  [0.3204, 0.6805]
320	:	[51]  ->  [27]  [0.3204, 0.5501]
321	:	[27]  ->  [67]  [0.3088, 0.6559]
322	:	[27]  ->  [75]  [0.3216, 0.6831]
323	:	[27]  ->  [76]  [0.3400, 0.7222]
324	:	[76]  ->  [27]  [0.3400, 0.5786]
325	:	[27]  ->  [71]  [0.3192, 0.6780]
326	:	[83]  ->  [35]  [0.3080, 0.6471]
327	:	[35]  ->  [83]  [0.3080, 0.6006]
328	:	[83]  ->  [84]  [0.3180, 0.6681]
329	:	[84]  ->  [83]  [0.3180, 0.6120]
330	:	[83]  ->  [5]  [0.3040, 0.6387]
331	:	[5]  ->  [83]  [0.3040, 0.5793]
332	:	[83]  ->  [91]  [0.3016, 0.6336]
333	:	[91]  ->  [83]  [0.3016, 0.5751]
334	:	[83]  ->  [4]  [0.3052, 0.6412]
335	:	[4]  ->  [83]  [0.3052, 0.5820]
336	:	[83]  ->  [68]  [0.3172, 0.6664]
337	:	[68]  ->  [83]  [0.3172, 0.5705]
338	:	[83]  ->  [29]  [0.3292, 0.6916]
339	:	[29]  ->  [83]  [0.3292, 0.5895]
340	:	[83]  ->  [52]  [0.3028, 0.6361]
341	:	[83]  ->  [49]  [0.3232, 0.6790]
342	:	[49]  ->  [83]  [0.3232, 0.5500]
343	:	[83]  ->  [45]  [0.3016, 0.6336]
344	:	[83]  ->  [51]  [0.3456, 0.7261]
345	:	[51]  ->  [83]  [0.3456, 0.5934]
346	:	[83]  ->  [67]  [0.3252, 0.6832]
347	:	[83]  ->  [75]  [0.3248, 0.6824]
348	:	[83]  ->  [76]  [0.3288, 0.6908]
349	:	[76]  ->  [83]  [0.3288, 0.5596]
350	:	[83]  ->  [71]  [0.3092, 0.6496]
351	:	[18]  ->  [93]  [0.3136, 0.6644]
352	:	[93]  ->  [18]  [0.3136, 0.6384]
353	:	[18]  ->  [100]  [0.3192, 0.6763]
354	:	[100]  ->  [18]  [0.3192, 0.6467]
355	:	[18]  ->  [78]  [0.3004, 0.6364]
356	:	[78]  ->  [18]  [0.3004, 0.6022]
357	:	[18]  ->  [53]  [0.3060, 0.6483]
358	:	[53]  ->  [18]  [0.3060, 0.6057]
359	:	[18]  ->  [23]  [0.3008, 0.6373]
360	:	[23]  ->  [18]  [0.3008, 0.5802]
361	:	[18]  ->  [5]  [0.3340, 0.7076]
362	:	[5]  ->  [18]  [0.3340, 0.6364]
363	:	[18]  ->  [68]  [0.3176, 0.6729]
364	:	[68]  ->  [18]  [0.3176, 0.5712]
365	:	[18]  ->  [62]  [0.3100, 0.6568]
366	:	[62]  ->  [18]  [0.3100, 0.5512]
367	:	[18]  ->  [29]  [0.3268, 0.6924]
368	:	[29]  ->  [18]  [0.3268, 0.5852]
369	:	[18]  ->  [52]  [0.3176, 0.6729]
370	:	[52]  ->  [18]  [0.3176, 0.5549]
371	:	[18]  ->  [49]  [0.3196, 0.6771]
372	:	[18]  ->  [45]  [0.3040, 0.6441]
373	:	[18]  ->  [51]  [0.3044, 0.6449]
374	:	[18]  ->  [67]  [0.3440, 0.7288]
375	:	[67]  ->  [18]  [0.3440, 0.5559]
376	:	[18]  ->  [75]  [0.3152, 0.6678]
377	:	[18]  ->  [76]  [0.3216, 0.6814]
378	:	[18]  ->  [71]  [0.3292, 0.6975]
379	:	[58]  ->  [20]  [0.3040, 0.6424]
380	:	[20]  ->  [58]  [0.3040, 0.6339]
381	:	[58]  ->  [32]  [0.3092, 0.6534]
382	:	[32]  ->  [58]  [0.3092, 0.6219]
383	:	[58]  ->  [53]  [0.3088, 0.6526]
384	:	[53]  ->  [58]  [0.3088, 0.6112]
385	:	[58]  ->  [4]  [0.3216, 0.6796]
386	:	[4]  ->  [58]  [0.3216, 0.6133]
387	:	[58]  ->  [10]  [0.3012, 0.6365]
388	:	[10]  ->  [58]  [0.3012, 0.5649]
389	:	[58]  ->  [62]  [0.3012, 0.6365]
390	:	[58]  ->  [29]  [0.3116, 0.6585]
391	:	[29]  ->  [58]  [0.3116, 0.5580]
392	:	[58]  ->  [52]  [0.3100, 0.6551]
393	:	[58]  ->  [49]  [0.3056, 0.6458]
394	:	[58]  ->  [45]  [0.3452, 0.7295]
395	:	[45]  ->  [58]  [0.3452, 0.5972]
396	:	[58]  ->  [51]  [0.3000, 0.6340]
397	:	[58]  ->  [75]  [0.3456, 0.7303]
398	:	[58]  ->  [76]  [0.3228, 0.6822]
399	:	[58]  ->  [71]  [0.3456, 0.7303]
400	:	[71]  ->  [58]  [0.3456, 0.5745]
401	:	[41]  ->  [30]  [0.3132, 0.6509]
402	:	[30]  ->  [41]  [0.3132, 0.6444]
403	:	[41]  ->  [33]  [0.3220, 0.6692]
404	:	[33]  ->  [41]  [0.3220, 0.6359]
405	:	[41]  ->  [4]  [0.3180, 0.6608]
406	:	[4]  ->  [41]  [0.3180, 0.6064]
407	:	[41]  ->  [10]  [0.3116, 0.6475]
408	:	[10]  ->  [41]  [0.3116, 0.5844]
409	:	[41]  ->  [68]  [0.3176, 0.6600]
410	:	[68]  ->  [41]  [0.3176, 0.5712]
411	:	[41]  ->  [49]  [0.3224, 0.6700]
412	:	[41]  ->  [51]  [0.3112, 0.6467]
413	:	[41]  ->  [67]  [0.3136, 0.6517]
414	:	[41]  ->  [75]  [0.3004, 0.6243]
415	:	[41]  ->  [71]  [0.3020, 0.6276]
416	:	[88]  ->  [100]  [0.3112, 0.6560]
417	:	[100]  ->  [88]  [0.3112, 0.6305]
418	:	[88]  ->  [96]  [0.3032, 0.6391]
419	:	[96]  ->  [88]  [0.3032, 0.6045]
420	:	[88]  ->  [53]  [0.3036, 0.6400]
421	:	[53]  ->  [88]  [0.3036, 0.6010]
422	:	[88]  ->  [89]  [0.3264, 0.6880]
423	:	[89]  ->  [88]  [0.3264, 0.6451]
424	:	[88]  ->  [31]  [0.3324, 0.7007]
425	:	[31]  ->  [88]  [0.3324, 0.6315]
426	:	[88]  ->  [10]  [0.3220, 0.6788]
427	:	[10]  ->  [88]  [0.3220, 0.6039]
428	:	[88]  ->  [68]  [0.3232, 0.6813]
429	:	[68]  ->  [88]  [0.3232, 0.5813]
430	:	[88]  ->  [62]  [0.3128, 0.6594]
431	:	[62]  ->  [88]  [0.3128, 0.5562]
432	:	[88]  ->  [29]  [0.3232, 0.6813]
433	:	[29]  ->  [88]  [0.3232, 0.5788]
434	:	[88]  ->  [45]  [0.3404, 0.7175]
435	:	[45]  ->  [88]  [0.3404, 0.5889]
436	:	[88]  ->  [51]  [0.3312, 0.6981]
437	:	[51]  ->  [88]  [0.3312, 0.5687]
438	:	[88]  ->  [67]  [0.3252, 0.6855]
439	:	[88]  ->  [75]  [0.3096, 0.6526]
440	:	[88]  ->  [76]  [0.3444, 0.7260]
441	:	[76]  ->  [88]  [0.3444, 0.5861]
442	:	[88]  ->  [71]  [0.3492, 0.7361]
443	:	[71]  ->  [88]  [0.3492, 0.5805]
444	:	[15]  ->  [78]  [0.3000, 0.6281]
445	:	[78]  ->  [15]  [0.3000, 0.6014]
446	:	[15]  ->  [96]  [0.3108, 0.6508]
447	:	[96]  ->  [15]  [0.3108, 0.6196]
448	:	[15]  ->  [53]  [0.3008, 0.6298]
449	:	[53]  ->  [15]  [0.3008, 0.5954]
450	:	[15]  ->  [89]  [0.3280, 0.6868]
451	:	[89]  ->  [15]  [0.3280, 0.6482]
452	:	[15]  ->  [5]  [0.3024, 0.6332]
453	:	[5]  ->  [15]  [0.3024, 0.5762]
454	:	[15]  ->  [91]  [0.3072, 0.6432]
455	:	[91]  ->  [15]  [0.3072, 0.5858]
456	:	[15]  ->  [4]  [0.3000, 0.6281]
457	:	[4]  ->  [15]  [0.3000, 0.5721]
458	:	[15]  ->  [68]  [0.3276, 0.6859]
459	:	[68]  ->  [15]  [0.3276, 0.5892]
460	:	[15]  ->  [62]  [0.3328, 0.6968]
461	:	[62]  ->  [15]  [0.3328, 0.5917]
462	:	[15]  ->  [49]  [0.3104, 0.6499]
463	:	[15]  ->  [45]  [0.3272, 0.6851]
464	:	[45]  ->  [15]  [0.3272, 0.5661]
465	:	[15]  ->  [51]  [0.3080, 0.6449]
466	:	[15]  ->  [75]  [0.3324, 0.6960]
467	:	[15]  ->  [76]  [0.3196, 0.6692]
468	:	[15]  ->  [71]  [0.3656, 0.7655]
469	:	[71]  ->  [15]  [0.3656, 0.6077]
470	:	[8]  ->  [19]  [0.3048, 0.6371]
471	:	[19]  ->  [8]  [0.3048, 0.6135]
472	:	[8]  ->  [53]  [0.3032, 0.6338]
473	:	[53]  ->  [8]  [0.3032, 0.6002]
474	:	[8]  ->  [35]  [0.3204, 0.6697]
475	:	[35]  ->  [8]  [0.3204, 0.6248]
476	:	[8]  ->  [23]  [0.3072, 0.6421]
477	:	[23]  ->  [8]  [0.3072, 0.5926]
478	:	[8]  ->  [84]  [0.3180, 0.6647]
479	:	[84]  ->  [8]  [0.3180, 0.6120]
480	:	[8]  ->  [5]  [0.3012, 0.6296]
481	:	[5]  ->  [8]  [0.3012, 0.5739]
482	:	[8]  ->  [31]  [0.3008, 0.6288]
483	:	[31]  ->  [8]  [0.3008, 0.5714]
484	:	[8]  ->  [37]  [0.3128, 0.6538]
485	:	[37]  ->  [8]  [0.3128, 0.5933]
486	:	[8]  ->  [10]  [0.3372, 0.7048]
487	:	[10]  ->  [8]  [0.3372, 0.6324]
488	:	[8]  ->  [68]  [0.3204, 0.6697]
489	:	[68]  ->  [8]  [0.3204, 0.5763]
490	:	[8]  ->  [62]  [0.3164, 0.6614]
491	:	[62]  ->  [8]  [0.3164, 0.5626]
492	:	[8]  ->  [52]  [0.3344, 0.6990]
493	:	[52]  ->  [8]  [0.3344, 0.5842]
494	:	[8]  ->  [49]  [0.3032, 0.6338]
495	:	[8]  ->  [45]  [0.3156, 0.6597]
496	:	[8]  ->  [51]  [0.3132, 0.6547]
497	:	[8]  ->  [67]  [0.3276, 0.6848]
498	:	[8]  ->  [75]  [0.3424, 0.7157]
499	:	[8]  ->  [76]  [0.3392, 0.7090]
500	:	[76]  ->  [8]  [0.3392, 0.5773]
501	:	[8]  ->  [71]  [0.3356, 0.7015]
502	:	[71]  ->  [8]  [0.3356, 0.5578]
503	:	[50]  ->  [43]  [0.3376, 0.7004]
504	:	[43]  ->  [50]  [0.3376, 0.6987]
505	:	[50]  ->  [53]  [0.3168, 0.6573]
506	:	[53]  ->  [50]  [0.3168, 0.6271]
507	:	[50]  ->  [23]  [0.3008, 0.6241]
508	:	[23]  ->  [50]  [0.3008, 0.5802]
509	:	[50]  ->  [84]  [0.3208, 0.6656]
510	:	[84]  ->  [50]  [0.3208, 0.6174]
511	:	[50]  ->  [5]  [0.3020, 0.6266]
512	:	[5]  ->  [50]  [0.3020, 0.5755]
513	:	[50]  ->  [4]  [0.3004, 0.6232]
514	:	[4]  ->  [50]  [0.3004, 0.5728]
515	:	[50]  ->  [68]  [0.3148, 0.6531]
516	:	[68]  ->  [50]  [0.3148, 0.5662]
517	:	[50]  ->  [62]  [0.3296, 0.6838]
518	:	[62]  ->  [50]  [0.3296, 0.5861]
519	:	[50]  ->  [49]  [0.3032, 0.6290]
520	:	[50]  ->  [45]  [0.3184, 0.6606]
521	:	[45]  ->  [50]  [0.3184, 0.5509]
522	:	[50]  ->  [51]  [0.3008, 0.6241]
523	:	[50]  ->  [75]  [0.3296, 0.6838]
524	:	[50]  ->  [76]  [0.3312, 0.6871]
525	:	[76]  ->  [50]  [0.3312, 0.5636]
526	:	[50]  ->  [71]  [0.3120, 0.6473]
527	:	[20]  ->  [11]  [0.3168, 0.6606]
528	:	[11]  ->  [20]  [0.3168, 0.6486]
529	:	[20]  ->  [89]  [0.3188, 0.6647]
530	:	[89]  ->  [20]  [0.3188, 0.6300]
531	:	[20]  ->  [35]  [0.3092, 0.6447]
532	:	[35]  ->  [20]  [0.3092, 0.6030]
533	:	[20]  ->  [84]  [0.3096, 0.6455]
534	:	[84]  ->  [20]  [0.3096, 0.5958]
535	:	[20]  ->  [4]  [0.3004, 0.6264]
536	:	[4]  ->  [20]  [0.3004, 0.5728]
537	:	[20]  ->  [10]  [0.3216, 0.6706]
538	:	[10]  ->  [20]  [0.3216, 0.6032]
539	:	[20]  ->  [68]  [0.3156, 0.6580]
540	:	[68]  ->  [20]  [0.3156, 0.5676]
541	:	[20]  ->  [29]  [0.3188, 0.6647]
542	:	[29]  ->  [20]  [0.3188, 0.5709]
543	:	[20]  ->  [52]  [0.3200, 0.6672]
544	:	[52]  ->  [20]  [0.3200, 0.5590]
545	:	[20]  ->  [49]  [0.3328, 0.6939]
546	:	[49]  ->  [20]  [0.3328, 0.5664]
547	:	[20]  ->  [45]  [0.3372, 0.7031]
548	:	[45]  ->  [20]  [0.3372, 0.5834]
549	:	[20]  ->  [51]  [0.3292, 0.6864]
550	:	[51]  ->  [20]  [0.3292, 0.5652]
551	:	[20]  ->  [67]  [0.3136, 0.6539]
552	:	[20]  ->  [75]  [0.3012, 0.6280]
553	:	[20]  ->  [76]  [0.3196, 0.6664]
554	:	[20]  ->  [71]  [0.3312, 0.6906]
555	:	[71]  ->  [20]  [0.3312, 0.5505]
556	:	[43]  ->  [32]  [0.3208, 0.6639]
557	:	[32]  ->  [43]  [0.3208, 0.6452]
558	:	[43]  ->  [78]  [0.3008, 0.6225]
559	:	[78]  ->  [43]  [0.3008, 0.6030]
560	:	[43]  ->  [53]  [0.3140, 0.6498]
561	:	[53]  ->  [43]  [0.3140, 0.6215]
562	:	[43]  ->  [35]  [0.3052, 0.6316]
563	:	[35]  ->  [43]  [0.3052, 0.5952]
564	:	[43]  ->  [84]  [0.3084, 0.6382]
565	:	[84]  ->  [43]  [0.3084, 0.5935]
566	:	[43]  ->  [37]  [0.3004, 0.6217]
567	:	[37]  ->  [43]  [0.3004, 0.5698]
568	:	[43]  ->  [10]  [0.3032, 0.6275]
569	:	[10]  ->  [43]  [0.3032, 0.5686]
570	:	[43]  ->  [68]  [0.3392, 0.7020]
571	:	[68]  ->  [43]  [0.3392, 0.6101]
572	:	[43]  ->  [62]  [0.3044, 0.6300]
573	:	[43]  ->  [49]  [0.3076, 0.6366]
574	:	[43]  ->  [45]  [0.3236, 0.6697]
575	:	[45]  ->  [43]  [0.3236, 0.5599]
576	:	[43]  ->  [51]  [0.3184, 0.6589]
577	:	[43]  ->  [67]  [0.3196, 0.6614]
578	:	[43]  ->  [75]  [0.3516, 0.7276]
579	:	[75]  ->  [43]  [0.3516, 0.5521]
580	:	[43]  ->  [76]  [0.3476, 0.7194]
581	:	[76]  ->  [43]  [0.3476, 0.5916]
582	:	[43]  ->  [71]  [0.3388, 0.7012]
583	:	[71]  ->  [43]  [0.3388, 0.5632]
584	:	[30]  ->  [96]  [0.3000, 0.6173]
585	:	[96]  ->  [30]  [0.3000, 0.5981]
586	:	[30]  ->  [33]  [0.3092, 0.6362]
587	:	[33]  ->  [30]  [0.3092, 0.6106]
588	:	[30]  ->  [60]  [0.3128, 0.6436]
589	:	[60]  ->  [30]  [0.3128, 0.6015]
590	:	[30]  ->  [5]  [0.3040, 0.6255]
591	:	[5]  ->  [30]  [0.3040, 0.5793]
592	:	[30]  ->  [91]  [0.3116, 0.6412]
593	:	[91]  ->  [30]  [0.3116, 0.5942]
594	:	[30]  ->  [73]  [0.3144, 0.6469]
595	:	[73]  ->  [30]  [0.3144, 0.5857]
596	:	[30]  ->  [68]  [0.3044, 0.6263]
597	:	[30]  ->  [29]  [0.3208, 0.6601]
598	:	[29]  ->  [30]  [0.3208, 0.5745]
599	:	[30]  ->  [52]  [0.3004, 0.6181]
600	:	[30]  ->  [49]  [0.3328, 0.6848]
601	:	[49]  ->  [30]  [0.3328, 0.5664]
602	:	[30]  ->  [45]  [0.3512, 0.7226]
603	:	[45]  ->  [30]  [0.3512, 0.6076]
604	:	[30]  ->  [51]  [0.3188, 0.6560]
605	:	[30]  ->  [67]  [0.3180, 0.6543]
606	:	[30]  ->  [75]  [0.3192, 0.6568]
607	:	[30]  ->  [76]  [0.3528, 0.7259]
608	:	[76]  ->  [30]  [0.3528, 0.6004]
609	:	[30]  ->  [71]  [0.3384, 0.6963]
610	:	[71]  ->  [30]  [0.3384, 0.5625]
611	:	[26]  ->  [36]  [0.3052, 0.6275]
612	:	[36]  ->  [26]  [0.3052, 0.6114]
613	:	[26]  ->  [89]  [0.3100, 0.6373]
614	:	[89]  ->  [26]  [0.3100, 0.6126]
615	:	[26]  ->  [33]  [0.3408, 0.7007]
616	:	[33]  ->  [26]  [0.3408, 0.6730]
617	:	[26]  ->  [35]  [0.3220, 0.6620]
618	:	[35]  ->  [26]  [0.3220, 0.6279]
619	:	[26]  ->  [23]  [0.3192, 0.6563]
620	:	[23]  ->  [26]  [0.3192, 0.6157]
621	:	[26]  ->  [84]  [0.3252, 0.6686]
622	:	[84]  ->  [26]  [0.3252, 0.6259]
623	:	[26]  ->  [5]  [0.3100, 0.6373]
624	:	[5]  ->  [26]  [0.3100, 0.5907]
625	:	[26]  ->  [91]  [0.3044, 0.6258]
626	:	[91]  ->  [26]  [0.3044, 0.5805]
627	:	[26]  ->  [4]  [0.3200, 0.6579]
628	:	[4]  ->  [26]  [0.3200, 0.6102]
629	:	[26]  ->  [37]  [0.3040, 0.6250]
630	:	[37]  ->  [26]  [0.3040, 0.5766]
631	:	[26]  ->  [73]  [0.3056, 0.6283]
632	:	[73]  ->  [26]  [0.3056, 0.5693]
633	:	[26]  ->  [10]  [0.3080, 0.6332]
634	:	[10]  ->  [26]  [0.3080, 0.5776]
635	:	[26]  ->  [68]  [0.3188, 0.6554]
636	:	[68]  ->  [26]  [0.3188, 0.5734]
637	:	[26]  ->  [62]  [0.3472, 0.7138]
638	:	[62]  ->  [26]  [0.3472, 0.6174]
639	:	[26]  ->  [29]  [0.3316, 0.6817]
640	:	[29]  ->  [26]  [0.3316, 0.5938]
641	:	[26]  ->  [52]  [0.3184, 0.6546]
642	:	[52]  ->  [26]  [0.3184, 0.5563]
643	:	[26]  ->  [49]  [0.3060, 0.6291]
644	:	[26]  ->  [45]  [0.3172, 0.6521]
645	:	[26]  ->  [51]  [0.3320, 0.6826]
646	:	[51]  ->  [26]  [0.3320, 0.5701]
647	:	[26]  ->  [75]  [0.3348, 0.6883]
648	:	[26]  ->  [76]  [0.3344, 0.6875]
649	:	[76]  ->  [26]  [0.3344, 0.5691]
650	:	[26]  ->  [71]  [0.3472, 0.7138]
651	:	[71]  ->  [26]  [0.3472, 0.5771]
652	:	[42]  ->  [93]  [0.3156, 0.6483]
653	:	[93]  ->  [42]  [0.3156, 0.6425]
654	:	[42]  ->  [78]  [0.3092, 0.6352]
655	:	[78]  ->  [42]  [0.3092, 0.6199]
656	:	[42]  ->  [36]  [0.3040, 0.6245]
657	:	[36]  ->  [42]  [0.3040, 0.6090]
658	:	[42]  ->  [96]  [0.3132, 0.6434]
659	:	[96]  ->  [42]  [0.3132, 0.6244]
660	:	[42]  ->  [53]  [0.3016, 0.6196]
661	:	[53]  ->  [42]  [0.3016, 0.5970]
662	:	[42]  ->  [35]  [0.3076, 0.6319]
663	:	[35]  ->  [42]  [0.3076, 0.5998]
664	:	[42]  ->  [60]  [0.3348, 0.6878]
665	:	[60]  ->  [42]  [0.3348, 0.6438]
666	:	[42]  ->  [5]  [0.3052, 0.6270]
667	:	[5]  ->  [42]  [0.3052, 0.5816]
668	:	[42]  ->  [91]  [0.3124, 0.6417]
669	:	[91]  ->  [42]  [0.3124, 0.5957]
670	:	[42]  ->  [37]  [0.3140, 0.6450]
671	:	[37]  ->  [42]  [0.3140, 0.5956]
672	:	[42]  ->  [10]  [0.3060, 0.6286]
673	:	[10]  ->  [42]  [0.3060, 0.5739]
674	:	[42]  ->  [68]  [0.3032, 0.6228]
675	:	[42]  ->  [62]  [0.3096, 0.6360]
676	:	[62]  ->  [42]  [0.3096, 0.5505]
677	:	[42]  ->  [29]  [0.3312, 0.6804]
678	:	[29]  ->  [42]  [0.3312, 0.5931]
679	:	[42]  ->  [52]  [0.3340, 0.6861]
680	:	[52]  ->  [42]  [0.3340, 0.5835]
681	:	[42]  ->  [45]  [0.3044, 0.6253]
682	:	[42]  ->  [67]  [0.3468, 0.7124]
683	:	[67]  ->  [42]  [0.3468, 0.5604]
684	:	[42]  ->  [71]  [0.3460, 0.7108]
685	:	[71]  ->  [42]  [0.3460, 0.5751]
686	:	[11]  ->  [78]  [0.3012, 0.6167]
687	:	[78]  ->  [11]  [0.3012, 0.6038]
688	:	[11]  ->  [89]  [0.3160, 0.6470]
689	:	[89]  ->  [11]  [0.3160, 0.6245]
690	:	[11]  ->  [35]  [0.3220, 0.6593]
691	:	[35]  ->  [11]  [0.3220, 0.6279]
692	:	[11]  ->  [23]  [0.3136, 0.6421]
693	:	[23]  ->  [11]  [0.3136, 0.6049]
694	:	[11]  ->  [84]  [0.3188, 0.6527]
695	:	[84]  ->  [11]  [0.3188, 0.6135]
696	:	[11]  ->  [31]  [0.3040, 0.6224]
697	:	[31]  ->  [11]  [0.3040, 0.5775]
698	:	[11]  ->  [91]  [0.3036, 0.6216]
699	:	[91]  ->  [11]  [0.3036, 0.5789]
700	:	[11]  ->  [4]  [0.3460, 0.7084]
701	:	[4]  ->  [11]  [0.3460, 0.6598]
702	:	[11]  ->  [73]  [0.3140, 0.6429]
703	:	[73]  ->  [11]  [0.3140, 0.5849]
704	:	[11]  ->  [68]  [0.3144, 0.6437]
705	:	[68]  ->  [11]  [0.3144, 0.5655]
706	:	[11]  ->  [62]  [0.3260, 0.6675]
707	:	[62]  ->  [11]  [0.3260, 0.5797]
708	:	[11]  ->  [29]  [0.3188, 0.6527]
709	:	[29]  ->  [11]  [0.3188, 0.5709]
710	:	[11]  ->  [52]  [0.3200, 0.6552]
711	:	[52]  ->  [11]  [0.3200, 0.5590]
712	:	[11]  ->  [49]  [0.3236, 0.6626]
713	:	[49]  ->  [11]  [0.3236, 0.5507]
714	:	[11]  ->  [45]  [0.3108, 0.6364]
715	:	[11]  ->  [51]  [0.3344, 0.6847]
716	:	[51]  ->  [11]  [0.3344, 0.5742]
717	:	[11]  ->  [75]  [0.3248, 0.6650]
718	:	[11]  ->  [76]  [0.3400, 0.6962]
719	:	[76]  ->  [11]  [0.3400, 0.5786]
720	:	[11]  ->  [71]  [0.3180, 0.6511]
721	:	[93]  ->  [19]  [0.3036, 0.6181]
722	:	[19]  ->  [93]  [0.3036, 0.6111]
723	:	[93]  ->  [32]  [0.3044, 0.6197]
724	:	[32]  ->  [93]  [0.3044, 0.6122]
725	:	[93]  ->  [78]  [0.3092, 0.6295]
726	:	[78]  ->  [93]  [0.3092, 0.6199]
727	:	[93]  ->  [96]  [0.3308, 0.6735]
728	:	[96]  ->  [93]  [0.3308, 0.6595]
729	:	[93]  ->  [53]  [0.3152, 0.6417]
730	:	[53]  ->  [93]  [0.3152, 0.6239]
731	:	[93]  ->  [89]  [0.3072, 0.6254]
732	:	[89]  ->  [93]  [0.3072, 0.6071]
733	:	[93]  ->  [35]  [0.3056, 0.6221]
734	:	[35]  ->  [93]  [0.3056, 0.5959]
735	:	[93]  ->  [23]  [0.3120, 0.6352]
736	:	[23]  ->  [93]  [0.3120, 0.6019]
737	:	[93]  ->  [84]  [0.3016, 0.6140]
738	:	[84]  ->  [93]  [0.3016, 0.5804]
739	:	[93]  ->  [60]  [0.3184, 0.6482]
740	:	[60]  ->  [93]  [0.3184, 0.6123]
741	:	[93]  ->  [5]  [0.3108, 0.6327]
742	:	[5]  ->  [93]  [0.3108, 0.5922]
743	:	[93]  ->  [91]  [0.3196, 0.6507]
744	:	[91]  ->  [93]  [0.3196, 0.6095]
745	:	[93]  ->  [37]  [0.3108, 0.6327]
746	:	[37]  ->  [93]  [0.3108, 0.5895]
747	:	[93]  ->  [73]  [0.3000, 0.6107]
748	:	[73]  ->  [93]  [0.3000, 0.5589]
749	:	[93]  ->  [68]  [0.3196, 0.6507]
750	:	[68]  ->  [93]  [0.3196, 0.5748]
751	:	[93]  ->  [62]  [0.3024, 0.6156]
752	:	[93]  ->  [29]  [0.3324, 0.6767]
753	:	[29]  ->  [93]  [0.3324, 0.5953]
754	:	[93]  ->  [52]  [0.3492, 0.7109]
755	:	[52]  ->  [93]  [0.3492, 0.6101]
756	:	[93]  ->  [49]  [0.3284, 0.6686]
757	:	[49]  ->  [93]  [0.3284, 0.5589]
758	:	[93]  ->  [45]  [0.3324, 0.6767]
759	:	[45]  ->  [93]  [0.3324, 0.5751]
760	:	[93]  ->  [51]  [0.3216, 0.6547]
761	:	[51]  ->  [93]  [0.3216, 0.5522]
762	:	[93]  ->  [67]  [0.3256, 0.6629]
763	:	[93]  ->  [75]  [0.3344, 0.6808]
764	:	[93]  ->  [76]  [0.3412, 0.6946]
765	:	[76]  ->  [93]  [0.3412, 0.5807]
766	:	[93]  ->  [71]  [0.3452, 0.7028]
767	:	[71]  ->  [93]  [0.3452, 0.5738]
768	:	[100]  ->  [32]  [0.3132, 0.6345]
769	:	[32]  ->  [100]  [0.3132, 0.6299]
770	:	[100]  ->  [89]  [0.3224, 0.6532]
771	:	[89]  ->  [100]  [0.3224, 0.6372]
772	:	[100]  ->  [33]  [0.3032, 0.6143]
773	:	[33]  ->  [100]  [0.3032, 0.5987]
774	:	[100]  ->  [60]  [0.3164, 0.6410]
775	:	[60]  ->  [100]  [0.3164, 0.6085]
776	:	[100]  ->  [5]  [0.3248, 0.6580]
777	:	[5]  ->  [100]  [0.3248, 0.6189]
778	:	[100]  ->  [31]  [0.3244, 0.6572]
779	:	[31]  ->  [100]  [0.3244, 0.6163]
780	:	[100]  ->  [91]  [0.3128, 0.6337]
781	:	[91]  ->  [100]  [0.3128, 0.5965]
782	:	[100]  ->  [37]  [0.3064, 0.6207]
783	:	[37]  ->  [100]  [0.3064, 0.5812]
784	:	[100]  ->  [10]  [0.3168, 0.6418]
785	:	[10]  ->  [100]  [0.3168, 0.5941]
786	:	[100]  ->  [68]  [0.3200, 0.6483]
787	:	[68]  ->  [100]  [0.3200, 0.5755]
788	:	[100]  ->  [62]  [0.3420, 0.6929]
789	:	[62]  ->  [100]  [0.3420, 0.6081]
790	:	[100]  ->  [29]  [0.3276, 0.6637]
791	:	[29]  ->  [100]  [0.3276, 0.5867]
792	:	[100]  ->  [52]  [0.3184, 0.6451]
793	:	[52]  ->  [100]  [0.3184, 0.5563]
794	:	[100]  ->  [49]  [0.3540, 0.7172]
795	:	[49]  ->  [100]  [0.3540, 0.6025]
796	:	[100]  ->  [45]  [0.3172, 0.6426]
797	:	[100]  ->  [51]  [0.3492, 0.7075]
798	:	[51]  ->  [100]  [0.3492, 0.5996]
799	:	[100]  ->  [67]  [0.3768, 0.7634]
800	:	[67]  ->  [100]  [0.3768, 0.6089]
801	:	[100]  ->  [67, 71]  [0.3068, 0.6216]
802	:	[67, 71]  ->  [100]  [0.3068, 0.7188]
803	:	[100, 71]  ->  [67]  [0.3068, 0.8319]
804	:	[100, 67]  ->  [71]  [0.3068, 0.8142]
805	:	[100]  ->  [75]  [0.3128, 0.6337]
806	:	[100]  ->  [76]  [0.3292, 0.6669]
807	:	[76]  ->  [100]  [0.3292, 0.5602]
808	:	[100]  ->  [71]  [0.3688, 0.7472]
809	:	[71]  ->  [100]  [0.3688, 0.6130]
810	:	[19]  ->  [96]  [0.3056, 0.6151]
811	:	[96]  ->  [19]  [0.3056, 0.6093]
812	:	[19]  ->  [53]  [0.3044, 0.6127]
813	:	[53]  ->  [19]  [0.3044, 0.6025]
814	:	[19]  ->  [35]  [0.3216, 0.6473]
815	:	[35]  ->  [19]  [0.3216, 0.6271]
816	:	[19]  ->  [23]  [0.3008, 0.6055]
817	:	[23]  ->  [19]  [0.3008, 0.5802]
818	:	[19]  ->  [84]  [0.3076, 0.6192]
819	:	[84]  ->  [19]  [0.3076, 0.5920]
820	:	[19]  ->  [60]  [0.3212, 0.6465]
821	:	[60]  ->  [19]  [0.3212, 0.6177]
822	:	[19]  ->  [5]  [0.3060, 0.6159]
823	:	[5]  ->  [19]  [0.3060, 0.5831]
824	:	[19]  ->  [31]  [0.3060, 0.6159]
825	:	[31]  ->  [19]  [0.3060, 0.5813]
826	:	[19]  ->  [91]  [0.3128, 0.6296]
827	:	[91]  ->  [19]  [0.3128, 0.5965]
828	:	[19]  ->  [37]  [0.3044, 0.6127]
829	:	[37]  ->  [19]  [0.3044, 0.5774]
830	:	[19]  ->  [73]  [0.3012, 0.6063]
831	:	[73]  ->  [19]  [0.3012, 0.5611]
832	:	[19]  ->  [68]  [0.3084, 0.6208]
833	:	[68]  ->  [19]  [0.3084, 0.5547]
834	:	[19]  ->  [62]  [0.3112, 0.6264]
835	:	[62]  ->  [19]  [0.3112, 0.5533]
836	:	[19]  ->  [29]  [0.3260, 0.6562]
837	:	[29]  ->  [19]  [0.3260, 0.5838]
838	:	[19]  ->  [52]  [0.3408, 0.6860]
839	:	[52]  ->  [19]  [0.3408, 0.5954]
840	:	[19]  ->  [49]  [0.3444, 0.6932]
841	:	[49]  ->  [19]  [0.3444, 0.5861]
842	:	[19]  ->  [45]  [0.3080, 0.6200]
843	:	[19]  ->  [51]  [0.3192, 0.6425]
844	:	[19]  ->  [67]  [0.3320, 0.6683]
845	:	[19]  ->  [75]  [0.3424, 0.6892]
846	:	[19]  ->  [76]  [0.3336, 0.6715]
847	:	[76]  ->  [19]  [0.3336, 0.5677]
848	:	[19]  ->  [71]  [0.3504, 0.7053]
849	:	[71]  ->  [19]  [0.3504, 0.5824]
850	:	[32]  ->  [53]  [0.3092, 0.6219]
851	:	[53]  ->  [32]  [0.3092, 0.6120]
852	:	[32]  ->  [33]  [0.3044, 0.6122]
853	:	[33]  ->  [32]  [0.3044, 0.6011]
854	:	[32]  ->  [35]  [0.3012, 0.6058]
855	:	[35]  ->  [32]  [0.3012, 0.5874]
856	:	[32]  ->  [23]  [0.3068, 0.6171]
857	:	[23]  ->  [32]  [0.3068, 0.5918]
858	:	[32]  ->  [84]  [0.3176, 0.6388]
859	:	[84]  ->  [32]  [0.3176, 0.6112]
860	:	[32]  ->  [5]  [0.3136, 0.6307]
861	:	[5]  ->  [32]  [0.3136, 0.5976]
862	:	[32]  ->  [4]  [0.3064, 0.6163]
863	:	[4]  ->  [32]  [0.3064, 0.5843]
864	:	[32]  ->  [73]  [0.3112, 0.6259]
865	:	[73]  ->  [32]  [0.3112, 0.5797]
866	:	[32]  ->  [10]  [0.3252, 0.6541]
867	:	[10]  ->  [32]  [0.3252, 0.6099]
868	:	[32]  ->  [68]  [0.3384, 0.6806]
869	:	[68]  ->  [32]  [0.3384, 0.6086]
870	:	[32]  ->  [62]  [0.3212, 0.6460]
871	:	[62]  ->  [32]  [0.3212, 0.5711]
872	:	[32]  ->  [52]  [0.3112, 0.6259]
873	:	[32]  ->  [49]  [0.3252, 0.6541]
874	:	[49]  ->  [32]  [0.3252, 0.5534]
875	:	[32]  ->  [45]  [0.3412, 0.6862]
876	:	[45]  ->  [32]  [0.3412, 0.5903]
877	:	[32]  ->  [51]  [0.3200, 0.6436]
878	:	[32]  ->  [67]  [0.3096, 0.6227]
879	:	[32]  ->  [75]  [0.3540, 0.7120]
880	:	[75]  ->  [32]  [0.3540, 0.5559]
881	:	[32]  ->  [76]  [0.3188, 0.6412]
882	:	[32]  ->  [71]  [0.3352, 0.6742]
883	:	[71]  ->  [32]  [0.3352, 0.5572]
884	:	[78]  ->  [96]  [0.3100, 0.6215]
885	:	[96]  ->  [78]  [0.3100, 0.6180]
886	:	[78]  ->  [53]  [0.3076, 0.6167]
887	:	[53]  ->  [78]  [0.3076, 0.6089]
888	:	[78]  ->  [33]  [0.3076, 0.6167]
889	:	[33]  ->  [78]  [0.3076, 0.6074]
890	:	[78]  ->  [5]  [0.3112, 0.6239]
891	:	[5]  ->  [78]  [0.3112, 0.5930]
892	:	[78]  ->  [31]  [0.3352, 0.6720]
893	:	[31]  ->  [78]  [0.3352, 0.6368]
894	:	[78]  ->  [91]  [0.3016, 0.6047]
895	:	[91]  ->  [78]  [0.3016, 0.5751]
896	:	[78]  ->  [4]  [0.3036, 0.6087]
897	:	[4]  ->  [78]  [0.3036, 0.5789]
898	:	[78]  ->  [37]  [0.3300, 0.6616]
899	:	[37]  ->  [78]  [0.3300, 0.6259]
900	:	[78]  ->  [73]  [0.3140, 0.6295]
901	:	[73]  ->  [78]  [0.3140, 0.5849]
902	:	[78]  ->  [10]  [0.3048, 0.6111]
903	:	[10]  ->  [78]  [0.3048, 0.5716]
904	:	[78]  ->  [68]  [0.3176, 0.6367]
905	:	[68]  ->  [78]  [0.3176, 0.5712]
906	:	[78]  ->  [62]  [0.3172, 0.6359]
907	:	[62]  ->  [78]  [0.3172, 0.5640]
908	:	[78]  ->  [29]  [0.3160, 0.6335]
909	:	[29]  ->  [78]  [0.3160, 0.5659]
910	:	[78]  ->  [52]  [0.3280, 0.6576]
911	:	[52]  ->  [78]  [0.3280, 0.5730]
912	:	[78]  ->  [49]  [0.3004, 0.6022]
913	:	[78]  ->  [45]  [0.3340, 0.6696]
914	:	[45]  ->  [78]  [0.3340, 0.5779]
915	:	[78]  ->  [51]  [0.3088, 0.6191]
916	:	[78]  ->  [67]  [0.3312, 0.6640]
917	:	[78]  ->  [75]  [0.3488, 0.6993]
918	:	[78]  ->  [76]  [0.3500, 0.7017]
919	:	[76]  ->  [78]  [0.3500, 0.5956]
920	:	[78]  ->  [71]  [0.3556, 0.7129]
921	:	[71]  ->  [78]  [0.3556, 0.5911]
922	:	[36]  ->  [96]  [0.3304, 0.6619]
923	:	[96]  ->  [36]  [0.3304, 0.6587]
924	:	[36]  ->  [89]  [0.3184, 0.6378]
925	:	[89]  ->  [36]  [0.3184, 0.6292]
926	:	[36]  ->  [23]  [0.3000, 0.6010]
927	:	[23]  ->  [36]  [0.3000, 0.5787]
928	:	[36]  ->  [60]  [0.3172, 0.6354]
929	:	[60]  ->  [36]  [0.3172, 0.6100]
930	:	[36]  ->  [5]  [0.3104, 0.6218]
931	:	[5]  ->  [36]  [0.3104, 0.5915]
932	:	[36]  ->  [31]  [0.3076, 0.6162]
933	:	[31]  ->  [36]  [0.3076, 0.5843]
934	:	[36]  ->  [91]  [0.3088, 0.6186]
935	:	[91]  ->  [36]  [0.3088, 0.5889]
936	:	[36]  ->  [4]  [0.3112, 0.6234]
937	:	[4]  ->  [36]  [0.3112, 0.5934]
938	:	[36]  ->  [37]  [0.3116, 0.6242]
939	:	[37]  ->  [36]  [0.3116, 0.5910]
940	:	[36]  ->  [73]  [0.3220, 0.6450]
941	:	[73]  ->  [36]  [0.3220, 0.5999]
942	:	[36]  ->  [10]  [0.3264, 0.6538]
943	:	[10]  ->  [36]  [0.3264, 0.6122]
944	:	[36]  ->  [68]  [0.3304, 0.6619]
945	:	[68]  ->  [36]  [0.3304, 0.5942]
946	:	[36]  ->  [62]  [0.3188, 0.6386]
947	:	[62]  ->  [36]  [0.3188, 0.5669]
948	:	[36]  ->  [29]  [0.3228, 0.6466]
949	:	[29]  ->  [36]  [0.3228, 0.5781]
950	:	[36]  ->  [52]  [0.3592, 0.7196]
951	:	[52]  ->  [36]  [0.3592, 0.6275]
952	:	[36]  ->  [49]  [0.3372, 0.6755]
953	:	[49]  ->  [36]  [0.3372, 0.5739]
954	:	[36]  ->  [45]  [0.3508, 0.7027]
955	:	[45]  ->  [36]  [0.3508, 0.6069]
956	:	[36]  ->  [51]  [0.3392, 0.6795]
957	:	[51]  ->  [36]  [0.3392, 0.5824]
958	:	[36]  ->  [67]  [0.3660, 0.7332]
959	:	[67]  ->  [36]  [0.3660, 0.5915]
960	:	[36]  ->  [75]  [0.3084, 0.6178]
961	:	[36]  ->  [76]  [0.3264, 0.6538]
962	:	[76]  ->  [36]  [0.3264, 0.5555]
963	:	[36]  ->  [71]  [0.3656, 0.7324]
964	:	[71]  ->  [36]  [0.3656, 0.6077]
965	:	[96]  ->  [53]  [0.3180, 0.6340]
966	:	[53]  ->  [96]  [0.3180, 0.6295]
967	:	[96]  ->  [89]  [0.3236, 0.6451]
968	:	[89]  ->  [96]  [0.3236, 0.6395]
969	:	[96]  ->  [35]  [0.3204, 0.6388]
970	:	[35]  ->  [96]  [0.3204, 0.6248]
971	:	[96]  ->  [23]  [0.3080, 0.6140]
972	:	[23]  ->  [96]  [0.3080, 0.5941]
973	:	[96]  ->  [5]  [0.3200, 0.6380]
974	:	[5]  ->  [96]  [0.3200, 0.6098]
975	:	[96]  ->  [31]  [0.3196, 0.6372]
976	:	[31]  ->  [96]  [0.3196, 0.6071]
977	:	[96]  ->  [91]  [0.3296, 0.6571]
978	:	[91]  ->  [96]  [0.3296, 0.6285]
979	:	[96]  ->  [4]  [0.3000, 0.5981]
980	:	[4]  ->  [96]  [0.3000, 0.5721]
981	:	[96]  ->  [37]  [0.3156, 0.6292]
982	:	[37]  ->  [96]  [0.3156, 0.5986]
983	:	[96]  ->  [73]  [0.3060, 0.6100]
984	:	[73]  ->  [96]  [0.3060, 0.5700]
985	:	[96]  ->  [10]  [0.3240, 0.6459]
986	:	[10]  ->  [96]  [0.3240, 0.6077]
987	:	[96]  ->  [68]  [0.3296, 0.6571]
988	:	[68]  ->  [96]  [0.3296, 0.5928]
989	:	[96]  ->  [62]  [0.3324, 0.6627]
990	:	[62]  ->  [96]  [0.3324, 0.5910]
991	:	[96]  ->  [29]  [0.3208, 0.6396]
992	:	[29]  ->  [96]  [0.3208, 0.5745]
993	:	[96]  ->  [52]  [0.3320, 0.6619]
994	:	[52]  ->  [96]  [0.3320, 0.5800]
995	:	[96]  ->  [49]  [0.3380, 0.6738]
996	:	[49]  ->  [96]  [0.3380, 0.5752]
997	:	[96]  ->  [45]  [0.3552, 0.7081]
998	:	[45]  ->  [96]  [0.3552, 0.6145]
999	:	[96]  ->  [51]  [0.3276, 0.6531]
1000	:	[51]  ->  [96]  [0.3276, 0.5625]
1001	:	[96]  ->  [67]  [0.3404, 0.6786]
1002	:	[67]  ->  [96]  [0.3404, 0.5501]
1003	:	[96]  ->  [75]  [0.3316, 0.6611]
1004	:	[96]  ->  [76]  [0.3376, 0.6730]
1005	:	[76]  ->  [96]  [0.3376, 0.5745]
1006	:	[96]  ->  [71]  [0.3580, 0.7137]
1007	:	[71]  ->  [96]  [0.3580, 0.5951]
1008	:	[53]  ->  [89]  [0.3164, 0.6263]
1009	:	[89]  ->  [53]  [0.3164, 0.6253]
1010	:	[53]  ->  [35]  [0.3008, 0.5954]
1011	:	[35]  ->  [53]  [0.3008, 0.5866]
1012	:	[53]  ->  [84]  [0.3404, 0.6738]
1013	:	[84]  ->  [53]  [0.3404, 0.6551]
1014	:	[53]  ->  [5]  [0.3132, 0.6200]
1015	:	[5]  ->  [53]  [0.3132, 0.5968]
1016	:	[53]  ->  [31]  [0.3484, 0.6896]
1017	:	[31]  ->  [53]  [0.3484, 0.6619]
1018	:	[53]  ->  [4]  [0.3108, 0.6152]
1019	:	[4]  ->  [53]  [0.3108, 0.5927]
1020	:	[53]  ->  [37]  [0.3076, 0.6089]
1021	:	[37]  ->  [53]  [0.3076, 0.5835]
1022	:	[53]  ->  [73]  [0.3120, 0.6176]
1023	:	[73]  ->  [53]  [0.3120, 0.5812]
1024	:	[53]  ->  [10]  [0.3320, 0.6572]
1025	:	[10]  ->  [53]  [0.3320, 0.6227]
1026	:	[53]  ->  [68]  [0.3144, 0.6223]
1027	:	[68]  ->  [53]  [0.3144, 0.5655]
1028	:	[53]  ->  [62]  [0.3296, 0.6524]
1029	:	[62]  ->  [53]  [0.3296, 0.5861]
1030	:	[53]  ->  [29]  [0.3328, 0.6587]
1031	:	[29]  ->  [53]  [0.3328, 0.5960]
1032	:	[53]  ->  [52]  [0.3292, 0.6516]
1033	:	[52]  ->  [53]  [0.3292, 0.5751]
1034	:	[53]  ->  [49]  [0.3156, 0.6247]
1035	:	[53]  ->  [45]  [0.3424, 0.6778]
1036	:	[45]  ->  [53]  [0.3424, 0.5924]
1037	:	[53]  ->  [67]  [0.3328, 0.6587]
1038	:	[53]  ->  [75]  [0.3432, 0.6793]
1039	:	[53]  ->  [76]  [0.3284, 0.6500]
1040	:	[76]  ->  [53]  [0.3284, 0.5589]
1041	:	[53]  ->  [71]  [0.3524, 0.6975]
1042	:	[71]  ->  [53]  [0.3524, 0.5858]
1043	:	[89]  ->  [35]  [0.3036, 0.6000]
1044	:	[35]  ->  [89]  [0.3036, 0.5920]
1045	:	[89]  ->  [23]  [0.3260, 0.6443]
1046	:	[23]  ->  [89]  [0.3260, 0.6289]
1047	:	[89]  ->  [84]  [0.3072, 0.6071]
1048	:	[84]  ->  [89]  [0.3072, 0.5912]
1049	:	[89]  ->  [5]  [0.3052, 0.6032]
1050	:	[5]  ->  [89]  [0.3052, 0.5816]
1051	:	[89]  ->  [31]  [0.3188, 0.6300]
1052	:	[31]  ->  [89]  [0.3188, 0.6056]
1053	:	[89]  ->  [91]  [0.3184, 0.6292]
1054	:	[91]  ->  [89]  [0.3184, 0.6072]
1055	:	[89]  ->  [4]  [0.3112, 0.6150]
1056	:	[4]  ->  [89]  [0.3112, 0.5934]
1057	:	[89]  ->  [37]  [0.3252, 0.6427]
1058	:	[37]  ->  [89]  [0.3252, 0.6168]
1059	:	[89]  ->  [73]  [0.3016, 0.5960]
1060	:	[73]  ->  [89]  [0.3016, 0.5618]
1061	:	[89]  ->  [10]  [0.3336, 0.6593]
1062	:	[10]  ->  [89]  [0.3336, 0.6257]
1063	:	[89]  ->  [68]  [0.3248, 0.6419]
1064	:	[68]  ->  [89]  [0.3248, 0.5842]
1065	:	[89]  ->  [62]  [0.3440, 0.6798]
1066	:	[62]  ->  [89]  [0.3440, 0.6117]
1067	:	[89]  ->  [29]  [0.3232, 0.6387]
1068	:	[29]  ->  [89]  [0.3232, 0.5788]
1069	:	[89]  ->  [52]  [0.3384, 0.6688]
1070	:	[52]  ->  [89]  [0.3384, 0.5912]
1071	:	[89]  ->  [49]  [0.3600, 0.7115]
1072	:	[49]  ->  [89]  [0.3600, 0.6127]
1073	:	[89]  ->  [45]  [0.3724, 0.7360]
1074	:	[45]  ->  [89]  [0.3724, 0.6443]
1075	:	[89]  ->  [51]  [0.3380, 0.6680]
1076	:	[51]  ->  [89]  [0.3380, 0.5804]
1077	:	[89]  ->  [67]  [0.3356, 0.6632]
1078	:	[89]  ->  [75]  [0.3368, 0.6656]
1079	:	[89]  ->  [76]  [0.3444, 0.6806]
1080	:	[76]  ->  [89]  [0.3444, 0.5861]
1081	:	[89]  ->  [71]  [0.3636, 0.7186]
1082	:	[71]  ->  [89]  [0.3636, 0.6044]
1083	:	[33]  ->  [35]  [0.3208, 0.6335]
1084	:	[35]  ->  [33]  [0.3208, 0.6256]
1085	:	[33]  ->  [23]  [0.3244, 0.6406]
1086	:	[23]  ->  [33]  [0.3244, 0.6258]
1087	:	[33]  ->  [84]  [0.3076, 0.6074]
1088	:	[84]  ->  [33]  [0.3076, 0.5920]
1089	:	[33]  ->  [60]  [0.3048, 0.6019]
1090	:	[60]  ->  [33]  [0.3048, 0.5862]
1091	:	[33]  ->  [5]  [0.3092, 0.6106]
1092	:	[5]  ->  [33]  [0.3092, 0.5892]
1093	:	[33]  ->  [91]  [0.3040, 0.6003]
1094	:	[91]  ->  [33]  [0.3040, 0.5797]
1095	:	[33]  ->  [4]  [0.3452, 0.6817]
1096	:	[4]  ->  [33]  [0.3452, 0.6583]
1097	:	[33]  ->  [37]  [0.3224, 0.6367]
1098	:	[37]  ->  [33]  [0.3224, 0.6115]
1099	:	[33]  ->  [73]  [0.3244, 0.6406]
1100	:	[73]  ->  [33]  [0.3244, 0.6043]
1101	:	[33]  ->  [10]  [0.3300, 0.6517]
1102	:	[10]  ->  [33]  [0.3300, 0.6189]
1103	:	[33]  ->  [68]  [0.3148, 0.6216]
1104	:	[68]  ->  [33]  [0.3148, 0.5662]
1105	:	[33]  ->  [62]  [0.3280, 0.6477]
1106	:	[62]  ->  [33]  [0.3280, 0.5832]
1107	:	[33]  ->  [29]  [0.3120, 0.6161]
1108	:	[29]  ->  [33]  [0.3120, 0.5587]
1109	:	[33]  ->  [52]  [0.3348, 0.6611]
1110	:	[52]  ->  [33]  [0.3348, 0.5849]
1111	:	[33]  ->  [49]  [0.3400, 0.6714]
1112	:	[49]  ->  [33]  [0.3400, 0.5786]
1113	:	[33]  ->  [45]  [0.3308, 0.6532]
1114	:	[45]  ->  [33]  [0.3308, 0.5723]
1115	:	[33]  ->  [51]  [0.3412, 0.6738]
1116	:	[51]  ->  [33]  [0.3412, 0.5859]
1117	:	[33]  ->  [67]  [0.3292, 0.6501]
1118	:	[33]  ->  [75]  [0.3364, 0.6643]
1119	:	[33]  ->  [76]  [0.3352, 0.6619]
1120	:	[76]  ->  [33]  [0.3352, 0.5705]
1121	:	[33]  ->  [71]  [0.3500, 0.6912]
1122	:	[71]  ->  [33]  [0.3500, 0.5818]
1123	:	[35]  ->  [23]  [0.3152, 0.6147]
1124	:	[23]  ->  [35]  [0.3152, 0.6080]
1125	:	[35]  ->  [84]  [0.3736, 0.7285]
1126	:	[84]  ->  [35]  [0.3736, 0.7190]
1127	:	[35]  ->  [60]  [0.3208, 0.6256]
1128	:	[60]  ->  [35]  [0.3208, 0.6169]
1129	:	[35]  ->  [31]  [0.3032, 0.5913]
1130	:	[31]  ->  [35]  [0.3032, 0.5760]
1131	:	[35]  ->  [91]  [0.3072, 0.5991]
1132	:	[91]  ->  [35]  [0.3072, 0.5858]
1133	:	[35]  ->  [4]  [0.3392, 0.6615]
1134	:	[4]  ->  [35]  [0.3392, 0.6468]
1135	:	[35]  ->  [37]  [0.3204, 0.6248]
1136	:	[37]  ->  [35]  [0.3204, 0.6077]
1137	:	[35]  ->  [10]  [0.3316, 0.6466]
1138	:	[10]  ->  [35]  [0.3316, 0.6219]
1139	:	[35]  ->  [68]  [0.3376, 0.6583]
1140	:	[68]  ->  [35]  [0.3376, 0.6072]
1141	:	[35]  ->  [62]  [0.3088, 0.6022]
1142	:	[35]  ->  [29]  [0.3440, 0.6708]
1143	:	[29]  ->  [35]  [0.3440, 0.6160]
1144	:	[35]  ->  [52]  [0.3328, 0.6490]
1145	:	[52]  ->  [35]  [0.3328, 0.5814]
1146	:	[35]  ->  [49]  [0.3324, 0.6482]
1147	:	[49]  ->  [35]  [0.3324, 0.5657]
1148	:	[35]  ->  [45]  [0.3240, 0.6318]
1149	:	[45]  ->  [35]  [0.3240, 0.5606]
1150	:	[35]  ->  [51]  [0.3552, 0.6927]
1151	:	[51]  ->  [35]  [0.3552, 0.6099]
1152	:	[35]  ->  [67]  [0.3248, 0.6334]
1153	:	[35]  ->  [75]  [0.3344, 0.6521]
1154	:	[35]  ->  [76]  [0.3340, 0.6513]
1155	:	[76]  ->  [35]  [0.3340, 0.5684]
1156	:	[35]  ->  [71]  [0.3680, 0.7176]
1157	:	[71]  ->  [35]  [0.3680, 0.6117]
1158	:	[23]  ->  [84]  [0.3324, 0.6412]
1159	:	[84]  ->  [23]  [0.3324, 0.6397]
1160	:	[23]  ->  [60]  [0.3264, 0.6296]
1161	:	[60]  ->  [23]  [0.3264, 0.6277]
1162	:	[23]  ->  [5]  [0.3444, 0.6644]
1163	:	[5]  ->  [23]  [0.3444, 0.6563]
1164	:	[23]  ->  [31]  [0.3196, 0.6165]
1165	:	[31]  ->  [23]  [0.3196, 0.6071]
1166	:	[23]  ->  [91]  [0.3172, 0.6119]
1167	:	[91]  ->  [23]  [0.3172, 0.6049]
1168	:	[23]  ->  [4]  [0.3164, 0.6103]
1169	:	[4]  ->  [23]  [0.3164, 0.6034]
1170	:	[23]  ->  [37]  [0.3372, 0.6505]
1171	:	[37]  ->  [23]  [0.3372, 0.6396]
1172	:	[23]  ->  [73]  [0.3388, 0.6535]
1173	:	[73]  ->  [23]  [0.3388, 0.6311]
1174	:	[23]  ->  [10]  [0.3324, 0.6412]
1175	:	[10]  ->  [23]  [0.3324, 0.6234]
1176	:	[23]  ->  [68]  [0.3300, 0.6366]
1177	:	[68]  ->  [23]  [0.3300, 0.5935]
1178	:	[23]  ->  [62]  [0.3428, 0.6613]
1179	:	[62]  ->  [23]  [0.3428, 0.6095]
1180	:	[23]  ->  [29]  [0.3348, 0.6458]
1181	:	[29]  ->  [23]  [0.3348, 0.5996]
1182	:	[23]  ->  [52]  [0.3440, 0.6636]
1183	:	[52]  ->  [23]  [0.3440, 0.6010]
1184	:	[23]  ->  [49]  [0.3344, 0.6451]
1185	:	[49]  ->  [23]  [0.3344, 0.5691]
1186	:	[23]  ->  [45]  [0.3196, 0.6165]
1187	:	[45]  ->  [23]  [0.3196, 0.5529]
1188	:	[23]  ->  [51]  [0.3516, 0.6782]
1189	:	[51]  ->  [23]  [0.3516, 0.6037]
1190	:	[23]  ->  [67]  [0.3312, 0.6389]
1191	:	[23]  ->  [75]  [0.3436, 0.6628]
1192	:	[23]  ->  [76]  [0.3516, 0.6782]
1193	:	[76]  ->  [23]  [0.3516, 0.5984]
1194	:	[23]  ->  [71]  [0.3440, 0.6636]
1195	:	[71]  ->  [23]  [0.3440, 0.5718]
1196	:	[84]  ->  [60]  [0.3060, 0.5889]
1197	:	[60]  ->  [84]  [0.3060, 0.5885]
1198	:	[84]  ->  [31]  [0.3328, 0.6405]
1199	:	[31]  ->  [84]  [0.3328, 0.6322]
1200	:	[84]  ->  [91]  [0.3492, 0.6721]
1201	:	[91]  ->  [84]  [0.3492, 0.6659]
1202	:	[84]  ->  [4]  [0.3376, 0.6497]
1203	:	[4]  ->  [84]  [0.3376, 0.6438]
1204	:	[84]  ->  [37]  [0.3288, 0.6328]
1205	:	[37]  ->  [84]  [0.3288, 0.6237]
1206	:	[84]  ->  [73]  [0.3128, 0.6020]
1207	:	[73]  ->  [84]  [0.3128, 0.5827]
1208	:	[84]  ->  [10]  [0.3044, 0.5858]
1209	:	[10]  ->  [84]  [0.3044, 0.5709]
1210	:	[84]  ->  [68]  [0.3420, 0.6582]
1211	:	[68]  ->  [84]  [0.3420, 0.6151]
1212	:	[84]  ->  [62]  [0.3332, 0.6413]
1213	:	[62]  ->  [84]  [0.3332, 0.5925]
1214	:	[84]  ->  [29]  [0.3400, 0.6543]
1215	:	[29]  ->  [84]  [0.3400, 0.6089]
1216	:	[84]  ->  [52]  [0.3240, 0.6236]
1217	:	[52]  ->  [84]  [0.3240, 0.5660]
1218	:	[84]  ->  [49]  [0.3472, 0.6682]
1219	:	[49]  ->  [84]  [0.3472, 0.5909]
1220	:	[84]  ->  [45]  [0.3208, 0.6174]
1221	:	[45]  ->  [84]  [0.3208, 0.5550]
1222	:	[84]  ->  [51]  [0.3620, 0.6967]
1223	:	[51]  ->  [84]  [0.3620, 0.6216]
1224	:	[84]  ->  [67]  [0.3344, 0.6436]
1225	:	[84]  ->  [75]  [0.3624, 0.6975]
1226	:	[75]  ->  [84]  [0.3624, 0.5691]
1227	:	[84]  ->  [76]  [0.3608, 0.6944]
1228	:	[76]  ->  [84]  [0.3608, 0.6140]
1229	:	[84]  ->  [71]  [0.3664, 0.7052]
1230	:	[71]  ->  [84]  [0.3664, 0.6090]
1231	:	[60]  ->  [5]  [0.3156, 0.6069]
1232	:	[5]  ->  [60]  [0.3156, 0.6014]
1233	:	[60]  ->  [31]  [0.3148, 0.6054]
1234	:	[31]  ->  [60]  [0.3148, 0.5980]
1235	:	[60]  ->  [91]  [0.3368, 0.6477]
1236	:	[91]  ->  [60]  [0.3368, 0.6423]
1237	:	[60]  ->  [37]  [0.3368, 0.6477]
1238	:	[37]  ->  [60]  [0.3368, 0.6388]
1239	:	[60]  ->  [73]  [0.3224, 0.6200]
1240	:	[73]  ->  [60]  [0.3224, 0.6006]
1241	:	[60]  ->  [10]  [0.3280, 0.6308]
1242	:	[10]  ->  [60]  [0.3280, 0.6152]
1243	:	[60]  ->  [68]  [0.3264, 0.6277]
1244	:	[68]  ->  [60]  [0.3264, 0.5871]
1245	:	[60]  ->  [62]  [0.3140, 0.6038]
1246	:	[62]  ->  [60]  [0.3140, 0.5583]
1247	:	[60]  ->  [29]  [0.3488, 0.6708]
1248	:	[29]  ->  [60]  [0.3488, 0.6246]
1249	:	[60]  ->  [52]  [0.3368, 0.6477]
1250	:	[52]  ->  [60]  [0.3368, 0.5884]
1251	:	[60]  ->  [49]  [0.3264, 0.6277]
1252	:	[49]  ->  [60]  [0.3264, 0.5555]
1253	:	[60]  ->  [45]  [0.3104, 0.5969]
1254	:	[60]  ->  [51]  [0.3680, 0.7077]
1255	:	[51]  ->  [60]  [0.3680, 0.6319]
1256	:	[60]  ->  [67]  [0.3472, 0.6677]
1257	:	[67]  ->  [60]  [0.3472, 0.5611]
1258	:	[60]  ->  [75]  [0.3108, 0.5977]
1259	:	[60]  ->  [76]  [0.3528, 0.6785]
1260	:	[76]  ->  [60]  [0.3528, 0.6004]
1261	:	[60]  ->  [71]  [0.3876, 0.7454]
1262	:	[71]  ->  [60]  [0.3876, 0.6443]
1263	:	[5]  ->  [31]  [0.3248, 0.6189]
1264	:	[31]  ->  [5]  [0.3248, 0.6170]
1265	:	[5]  ->  [91]  [0.3412, 0.6502]
1266	:	[91]  ->  [5]  [0.3412, 0.6506]
1267	:	[5]  ->  [4]  [0.3152, 0.6006]
1268	:	[4]  ->  [5]  [0.3152, 0.6011]
1269	:	[5]  ->  [37]  [0.3060, 0.5831]
1270	:	[37]  ->  [5]  [0.3060, 0.5804]
1271	:	[5]  ->  [73]  [0.3036, 0.5785]
1272	:	[73]  ->  [5]  [0.3036, 0.5656]
1273	:	[5]  ->  [10]  [0.3128, 0.5960]
1274	:	[10]  ->  [5]  [0.3128, 0.5866]
1275	:	[5]  ->  [68]  [0.3588, 0.6837]
1276	:	[68]  ->  [5]  [0.3588, 0.6453]
1277	:	[5]  ->  [62]  [0.3472, 0.6616]
1278	:	[62]  ->  [5]  [0.3472, 0.6174]
1279	:	[5]  ->  [29]  [0.3472, 0.6616]
1280	:	[29]  ->  [5]  [0.3472, 0.6218]
1281	:	[5]  ->  [52]  [0.3668, 0.6989]
1282	:	[52]  ->  [5]  [0.3668, 0.6408]
1283	:	[5]  ->  [49]  [0.3500, 0.6669]
1284	:	[49]  ->  [5]  [0.3500, 0.5956]
1285	:	[5]  ->  [45]  [0.3676, 0.7005]
1286	:	[45]  ->  [5]  [0.3676, 0.6360]
1287	:	[5]  ->  [51]  [0.3232, 0.6159]
1288	:	[51]  ->  [5]  [0.3232, 0.5549]
1289	:	[5]  ->  [67]  [0.3640, 0.6936]
1290	:	[67]  ->  [5]  [0.3640, 0.5882]
1291	:	[5]  ->  [75]  [0.3428, 0.6532]
1292	:	[5]  ->  [76]  [0.3468, 0.6608]
1293	:	[76]  ->  [5]  [0.3468, 0.5902]
1294	:	[5]  ->  [71]  [0.3720, 0.7088]
1295	:	[71]  ->  [5]  [0.3720, 0.6184]
1296	:	[31]  ->  [91]  [0.3036, 0.5767]
1297	:	[91]  ->  [31]  [0.3036, 0.5789]
1298	:	[31]  ->  [4]  [0.3440, 0.6535]
1299	:	[4]  ->  [31]  [0.3440, 0.6560]
1300	:	[31]  ->  [37]  [0.3376, 0.6413]
1301	:	[37]  ->  [31]  [0.3376, 0.6404]
1302	:	[31]  ->  [73]  [0.3276, 0.6223]
1303	:	[73]  ->  [31]  [0.3276, 0.6103]
1304	:	[31]  ->  [10]  [0.3468, 0.6588]
1305	:	[10]  ->  [31]  [0.3468, 0.6504]
1306	:	[31]  ->  [68]  [0.3440, 0.6535]
1307	:	[68]  ->  [31]  [0.3440, 0.6187]
1308	:	[31]  ->  [62]  [0.3396, 0.6451]
1309	:	[62]  ->  [31]  [0.3396, 0.6038]
1310	:	[31]  ->  [29]  [0.3404, 0.6467]
1311	:	[29]  ->  [31]  [0.3404, 0.6096]
1312	:	[31]  ->  [52]  [0.3416, 0.6489]
1313	:	[52]  ->  [31]  [0.3416, 0.5968]
1314	:	[31]  ->  [49]  [0.3320, 0.6307]
1315	:	[49]  ->  [31]  [0.3320, 0.5650]
1316	:	[31]  ->  [45]  [0.3628, 0.6892]
1317	:	[45]  ->  [31]  [0.3628, 0.6277]
1318	:	[31]  ->  [51]  [0.3256, 0.6185]
1319	:	[51]  ->  [31]  [0.3256, 0.5591]
1320	:	[31]  ->  [67]  [0.3600, 0.6839]
1321	:	[67]  ->  [31]  [0.3600, 0.5818]
1322	:	[31]  ->  [75]  [0.3556, 0.6755]
1323	:	[75]  ->  [31]  [0.3556, 0.5584]
1324	:	[31]  ->  [76]  [0.3740, 0.7105]
1325	:	[76]  ->  [31]  [0.3740, 0.6365]
1326	:	[31]  ->  [76, 71]  [0.3000, 0.5699]
1327	:	[76, 71]  ->  [31]  [0.3000, 0.7260]
1328	:	[31, 71]  ->  [76]  [0.3000, 0.7821]
1329	:	[31, 76]  ->  [71]  [0.3000, 0.8021]
1330	:	[31]  ->  [71]  [0.3836, 0.7287]
1331	:	[71]  ->  [31]  [0.3836, 0.6376]
1332	:	[91]  ->  [4]  [0.3252, 0.6201]
1333	:	[4]  ->  [91]  [0.3252, 0.6201]
1334	:	[91]  ->  [37]  [0.3336, 0.6362]
1335	:	[37]  ->  [91]  [0.3336, 0.6328]
1336	:	[91]  ->  [10]  [0.3012, 0.5744]
1337	:	[10]  ->  [91]  [0.3012, 0.5649]
1338	:	[91]  ->  [68]  [0.3288, 0.6270]
1339	:	[68]  ->  [91]  [0.3288, 0.5914]
1340	:	[91]  ->  [62]  [0.3280, 0.6255]
1341	:	[62]  ->  [91]  [0.3280, 0.5832]
1342	:	[91]  ->  [29]  [0.3688, 0.7033]
1343	:	[29]  ->  [91]  [0.3688, 0.6605]
1344	:	[91]  ->  [52]  [0.3252, 0.6201]
1345	:	[52]  ->  [91]  [0.3252, 0.5681]
1346	:	[91]  ->  [49]  [0.3732, 0.7117]
1347	:	[49]  ->  [91]  [0.3732, 0.6351]
1348	:	[91]  ->  [45]  [0.3568, 0.6804]
1349	:	[45]  ->  [91]  [0.3568, 0.6173]
1350	:	[91]  ->  [51]  [0.3624, 0.6911]
1351	:	[51]  ->  [91]  [0.3624, 0.6223]
1352	:	[91]  ->  [67]  [0.3536, 0.6743]
1353	:	[67]  ->  [91]  [0.3536, 0.5714]
1354	:	[91]  ->  [75]  [0.3528, 0.6728]
1355	:	[75]  ->  [91]  [0.3528, 0.5540]
1356	:	[91]  ->  [76]  [0.3668, 0.6995]
1357	:	[76]  ->  [91]  [0.3668, 0.6242]
1358	:	[91]  ->  [71]  [0.3732, 0.7117]
1359	:	[71]  ->  [91]  [0.3732, 0.6203]
1360	:	[4]  ->  [37]  [0.3232, 0.6163]
1361	:	[37]  ->  [4]  [0.3232, 0.6131]
1362	:	[4]  ->  [73]  [0.3040, 0.5797]
1363	:	[73]  ->  [4]  [0.3040, 0.5663]
1364	:	[4]  ->  [10]  [0.3416, 0.6514]
1365	:	[10]  ->  [4]  [0.3416, 0.6407]
1366	:	[4]  ->  [68]  [0.3304, 0.6301]
1367	:	[68]  ->  [4]  [0.3304, 0.5942]
1368	:	[4]  ->  [62]  [0.3480, 0.6636]
1369	:	[62]  ->  [4]  [0.3480, 0.6188]
1370	:	[4]  ->  [29]  [0.3308, 0.6308]
1371	:	[29]  ->  [4]  [0.3308, 0.5924]
1372	:	[4]  ->  [52]  [0.3464, 0.6606]
1373	:	[52]  ->  [4]  [0.3464, 0.6052]
1374	:	[4]  ->  [49]  [0.3332, 0.6354]
1375	:	[49]  ->  [4]  [0.3332, 0.5671]
1376	:	[4]  ->  [45]  [0.3464, 0.6606]
1377	:	[45]  ->  [4]  [0.3464, 0.5993]
1378	:	[4]  ->  [51]  [0.3424, 0.6529]
1379	:	[51]  ->  [4]  [0.3424, 0.5879]
1380	:	[4]  ->  [67]  [0.3284, 0.6262]
1381	:	[4]  ->  [75]  [0.3676, 0.7010]
1382	:	[75]  ->  [4]  [0.3676, 0.5773]
1383	:	[4]  ->  [76]  [0.3420, 0.6522]
1384	:	[76]  ->  [4]  [0.3420, 0.5820]
1385	:	[4]  ->  [71]  [0.3604, 0.6873]
1386	:	[71]  ->  [4]  [0.3604, 0.5991]
1387	:	[37]  ->  [73]  [0.3360, 0.6373]
1388	:	[73]  ->  [37]  [0.3360, 0.6259]
1389	:	[37]  ->  [10]  [0.3360, 0.6373]
1390	:	[10]  ->  [37]  [0.3360, 0.6302]
1391	:	[37]  ->  [68]  [0.3644, 0.6912]
1392	:	[68]  ->  [37]  [0.3644, 0.6554]
1393	:	[37]  ->  [62]  [0.3260, 0.6184]
1394	:	[62]  ->  [37]  [0.3260, 0.5797]
1395	:	[37]  ->  [29]  [0.3112, 0.5903]
1396	:	[29]  ->  [37]  [0.3112, 0.5573]
1397	:	[37]  ->  [52]  [0.3612, 0.6851]
1398	:	[52]  ->  [37]  [0.3612, 0.6310]
1399	:	[37]  ->  [49]  [0.3168, 0.6009]
1400	:	[37]  ->  [45]  [0.3204, 0.6077]
1401	:	[45]  ->  [37]  [0.3204, 0.5543]
1402	:	[37]  ->  [51]  [0.3500, 0.6639]
1403	:	[51]  ->  [37]  [0.3500, 0.6010]
1404	:	[37]  ->  [67]  [0.3740, 0.7094]
1405	:	[67]  ->  [37]  [0.3740, 0.6044]
1406	:	[37]  ->  [67, 71]  [0.3144, 0.5964]
1407	:	[67, 71]  ->  [37]  [0.3144, 0.7366]
1408	:	[37, 71]  ->  [67]  [0.3144, 0.7836]
1409	:	[37, 67]  ->  [71]  [0.3144, 0.8406]
1410	:	[37]  ->  [75]  [0.3400, 0.6449]
1411	:	[37]  ->  [76]  [0.3512, 0.6662]
1412	:	[76]  ->  [37]  [0.3512, 0.5977]
1413	:	[37]  ->  [71]  [0.4012, 0.7610]
1414	:	[71]  ->  [37]  [0.4012, 0.6669]
1415	:	[73]  ->  [10]  [0.3336, 0.6215]
1416	:	[10]  ->  [73]  [0.3336, 0.6257]
1417	:	[73]  ->  [68]  [0.3396, 0.6326]
1418	:	[68]  ->  [73]  [0.3396, 0.6108]
1419	:	[73]  ->  [62]  [0.3148, 0.5864]
1420	:	[62]  ->  [73]  [0.3148, 0.5597]
1421	:	[73]  ->  [29]  [0.3356, 0.6252]
1422	:	[29]  ->  [73]  [0.3356, 0.6010]
1423	:	[73]  ->  [52]  [0.3540, 0.6595]
1424	:	[52]  ->  [73]  [0.3540, 0.6184]
1425	:	[73]  ->  [49]  [0.3252, 0.6058]
1426	:	[49]  ->  [73]  [0.3252, 0.5534]
1427	:	[73]  ->  [45]  [0.3596, 0.6699]
1428	:	[45]  ->  [73]  [0.3596, 0.6221]
1429	:	[73]  ->  [51]  [0.3260, 0.6073]
1430	:	[51]  ->  [73]  [0.3260, 0.5598]
1431	:	[73]  ->  [67]  [0.3488, 0.6498]
1432	:	[67]  ->  [73]  [0.3488, 0.5637]
1433	:	[73]  ->  [75]  [0.3140, 0.5849]
1434	:	[73]  ->  [76]  [0.3644, 0.6788]
1435	:	[76]  ->  [73]  [0.3644, 0.6201]
1436	:	[73]  ->  [71]  [0.3548, 0.6610]
1437	:	[71]  ->  [73]  [0.3548, 0.5898]
1438	:	[10]  ->  [68]  [0.3552, 0.6662]
1439	:	[68]  ->  [10]  [0.3552, 0.6388]
1440	:	[10]  ->  [62]  [0.3272, 0.6137]
1441	:	[62]  ->  [10]  [0.3272, 0.5818]
1442	:	[10]  ->  [29]  [0.3344, 0.6272]
1443	:	[29]  ->  [10]  [0.3344, 0.5989]
1444	:	[10]  ->  [52]  [0.3420, 0.6414]
1445	:	[52]  ->  [10]  [0.3420, 0.5975]
1446	:	[10]  ->  [49]  [0.3228, 0.6054]
1447	:	[10]  ->  [45]  [0.3704, 0.6947]
1448	:	[45]  ->  [10]  [0.3704, 0.6408]
1449	:	[10]  ->  [45, 71]  [0.3036, 0.5694]
1450	:	[45, 71]  ->  [10]  [0.3036, 0.7291]
1451	:	[10, 71]  ->  [45]  [0.3036, 0.7882]
1452	:	[10, 45]  ->  [71]  [0.3036, 0.8197]
1453	:	[10]  ->  [51]  [0.3452, 0.6474]
1454	:	[51]  ->  [10]  [0.3452, 0.5927]
1455	:	[10]  ->  [67]  [0.3612, 0.6774]
1456	:	[67]  ->  [10]  [0.3612, 0.5837]
1457	:	[10]  ->  [75]  [0.3688, 0.6917]
1458	:	[75]  ->  [10]  [0.3688, 0.5791]
1459	:	[10]  ->  [76]  [0.3512, 0.6587]
1460	:	[76]  ->  [10]  [0.3512, 0.5977]
1461	:	[10]  ->  [71]  [0.3852, 0.7224]
1462	:	[71]  ->  [10]  [0.3852, 0.6403]
1463	:	[68]  ->  [62]  [0.3284, 0.5906]
1464	:	[62]  ->  [68]  [0.3284, 0.5839]
1465	:	[68]  ->  [29]  [0.3388, 0.6094]
1466	:	[29]  ->  [68]  [0.3388, 0.6067]
1467	:	[68]  ->  [52]  [0.3488, 0.6273]
1468	:	[52]  ->  [68]  [0.3488, 0.6094]
1469	:	[68]  ->  [49]  [0.3432, 0.6173]
1470	:	[49]  ->  [68]  [0.3432, 0.5841]
1471	:	[68]  ->  [45]  [0.3416, 0.6144]
1472	:	[45]  ->  [68]  [0.3416, 0.5910]
1473	:	[68]  ->  [51]  [0.3352, 0.6029]
1474	:	[51]  ->  [68]  [0.3352, 0.5755]
1475	:	[68]  ->  [67]  [0.3636, 0.6540]
1476	:	[67]  ->  [68]  [0.3636, 0.5876]
1477	:	[68]  ->  [75]  [0.3552, 0.6388]
1478	:	[75]  ->  [68]  [0.3552, 0.5578]
1479	:	[68]  ->  [76]  [0.3564, 0.6410]
1480	:	[76]  ->  [68]  [0.3564, 0.6065]
1481	:	[68]  ->  [71]  [0.3872, 0.6964]
1482	:	[71]  ->  [68]  [0.3872, 0.6436]
1483	:	[62]  ->  [29]  [0.3576, 0.6358]
1484	:	[29]  ->  [62]  [0.3576, 0.6404]
1485	:	[62]  ->  [52]  [0.3896, 0.6927]
1486	:	[52]  ->  [62]  [0.3896, 0.6806]
1487	:	[62]  ->  [49]  [0.3580, 0.6366]
1488	:	[49]  ->  [62]  [0.3580, 0.6093]
1489	:	[62]  ->  [45]  [0.3460, 0.6152]
1490	:	[45]  ->  [62]  [0.3460, 0.5986]
1491	:	[62]  ->  [51]  [0.3624, 0.6444]
1492	:	[51]  ->  [62]  [0.3624, 0.6223]
1493	:	[62]  ->  [67]  [0.3468, 0.6166]
1494	:	[67]  ->  [62]  [0.3468, 0.5604]
1495	:	[62]  ->  [75]  [0.3760, 0.6686]
1496	:	[75]  ->  [62]  [0.3760, 0.5905]
1497	:	[75, 76]  ->  [62]  [0.3084, 0.7500]
1498	:	[62, 76]  ->  [75]  [0.3084, 0.8023]
1499	:	[62, 75]  ->  [76]  [0.3084, 0.8202]
1500	:	[62]  ->  [76]  [0.3844, 0.6835]
1501	:	[76]  ->  [62]  [0.3844, 0.6542]
1502	:	[62]  ->  [71]  [0.3684, 0.6550]
1503	:	[71]  ->  [62]  [0.3684, 0.6124]
1504	:	[29]  ->  [52]  [0.3592, 0.6433]
1505	:	[52]  ->  [29]  [0.3592, 0.6275]
1506	:	[29]  ->  [49]  [0.3612, 0.6468]
1507	:	[49]  ->  [29]  [0.3612, 0.6147]
1508	:	[29]  ->  [45]  [0.3908, 0.6999]
1509	:	[45]  ->  [29]  [0.3908, 0.6761]
1510	:	[29]  ->  [45, 76]  [0.3092, 0.5537]
1511	:	[45, 76]  ->  [29]  [0.3092, 0.7404]
1512	:	[29, 76]  ->  [45]  [0.3092, 0.7872]
1513	:	[29, 45]  ->  [76]  [0.3092, 0.7912]
1514	:	[29]  ->  [51]  [0.3828, 0.6855]
1515	:	[51]  ->  [29]  [0.3828, 0.6573]
1516	:	[51, 76]  ->  [29]  [0.3020, 0.7274]
1517	:	[29, 76]  ->  [51]  [0.3020, 0.7688]
1518	:	[29, 51]  ->  [76]  [0.3020, 0.7889]
1519	:	[29]  ->  [67]  [0.3608, 0.6461]
1520	:	[67]  ->  [29]  [0.3608, 0.5831]
1521	:	[29]  ->  [75]  [0.3496, 0.6261]
1522	:	[29]  ->  [76]  [0.3928, 0.7034]
1523	:	[76]  ->  [29]  [0.3928, 0.6685]
1524	:	[29]  ->  [71]  [0.3840, 0.6877]
1525	:	[71]  ->  [29]  [0.3840, 0.6383]
1526	:	[52]  ->  [49]  [0.3780, 0.6604]
1527	:	[49]  ->  [52]  [0.3780, 0.6433]
1528	:	[52]  ->  [45]  [0.3620, 0.6324]
1529	:	[45]  ->  [52]  [0.3620, 0.6263]
1530	:	[52]  ->  [51]  [0.3624, 0.6331]
1531	:	[51]  ->  [52]  [0.3624, 0.6223]
1532	:	[52]  ->  [67]  [0.3632, 0.6345]
1533	:	[67]  ->  [52]  [0.3632, 0.5869]
1534	:	[52]  ->  [75]  [0.3680, 0.6429]
1535	:	[75]  ->  [52]  [0.3680, 0.5779]
1536	:	[52]  ->  [76]  [0.3872, 0.6765]
1537	:	[76]  ->  [52]  [0.3872, 0.6590]
1538	:	[52]  ->  [71]  [0.3876, 0.6771]
1539	:	[71]  ->  [52]  [0.3876, 0.6443]
1540	:	[49]  ->  [45]  [0.3756, 0.6392]
1541	:	[45]  ->  [49]  [0.3756, 0.6498]
1542	:	[49]  ->  [51]  [0.4012, 0.6828]
1543	:	[51]  ->  [49]  [0.4012, 0.6889]
1544	:	[51, 67]  ->  [49]  [0.3064, 0.8021]
1545	:	[49, 67]  ->  [51]  [0.3064, 0.7856]
1546	:	[49, 51]  ->  [67]  [0.3064, 0.7637]
1547	:	[51, 76]  ->  [49]  [0.3020, 0.7274]
1548	:	[49, 76]  ->  [51]  [0.3020, 0.8224]
1549	:	[49, 51]  ->  [76]  [0.3020, 0.7527]
1550	:	[49]  ->  [67]  [0.3900, 0.6637]
1551	:	[67]  ->  [49]  [0.3900, 0.6303]
1552	:	[67, 71]  ->  [49]  [0.3040, 0.7123]
1553	:	[49, 71]  ->  [67]  [0.3040, 0.7983]
1554	:	[49, 67]  ->  [71]  [0.3040, 0.7795]
1555	:	[49]  ->  [75]  [0.3556, 0.6052]
1556	:	[75]  ->  [49]  [0.3556, 0.5584]
1557	:	[49]  ->  [76]  [0.3672, 0.6249]
1558	:	[76]  ->  [49]  [0.3672, 0.6249]
1559	:	[49]  ->  [71]  [0.3808, 0.6481]
1560	:	[71]  ->  [49]  [0.3808, 0.6330]
1561	:	[45]  ->  [51]  [0.3700, 0.6401]
1562	:	[51]  ->  [45]  [0.3700, 0.6353]
1563	:	[51, 76]  ->  [45]  [0.3028, 0.7293]
1564	:	[45, 76]  ->  [51]  [0.3028, 0.7251]
1565	:	[45, 51]  ->  [76]  [0.3028, 0.8184]
1566	:	[45]  ->  [67]  [0.3736, 0.6464]
1567	:	[67]  ->  [45]  [0.3736, 0.6037]
1568	:	[67, 71]  ->  [45]  [0.3024, 0.7085]
1569	:	[45, 71]  ->  [67]  [0.3024, 0.7262]
1570	:	[45, 67]  ->  [71]  [0.3024, 0.8094]
1571	:	[45]  ->  [75]  [0.4120, 0.7128]
1572	:	[75]  ->  [45]  [0.4120, 0.6470]
1573	:	[75, 76]  ->  [45]  [0.3156, 0.7675]
1574	:	[45, 76]  ->  [75]  [0.3156, 0.7557]
1575	:	[45, 75]  ->  [76]  [0.3156, 0.7660]
1576	:	[75, 71]  ->  [45]  [0.3052, 0.7778]
1577	:	[45, 71]  ->  [75]  [0.3052, 0.7329]
1578	:	[45, 75]  ->  [71]  [0.3052, 0.7408]
1579	:	[45]  ->  [76]  [0.4176, 0.7225]
1580	:	[76]  ->  [45]  [0.4176, 0.7107]
1581	:	[45]  ->  [76, 71]  [0.3260, 0.5640]
1582	:	[76, 71]  ->  [45]  [0.3260, 0.7890]
1583	:	[76]  ->  [45, 71]  [0.3260, 0.5548]
1584	:	[45, 71]  ->  [76]  [0.3260, 0.7829]
1585	:	[45, 76]  ->  [71]  [0.3260, 0.7807]
1586	:	[45]  ->  [71]  [0.4164, 0.7204]
1587	:	[71]  ->  [45]  [0.4164, 0.6922]
1588	:	[51]  ->  [67]  [0.3820, 0.6559]
1589	:	[67]  ->  [51]  [0.3820, 0.6173]
1590	:	[67, 71]  ->  [51]  [0.3016, 0.7067]
1591	:	[51, 71]  ->  [67]  [0.3016, 0.7757]
1592	:	[51, 67]  ->  [71]  [0.3016, 0.7895]
1593	:	[51]  ->  [75]  [0.3720, 0.6387]
1594	:	[75]  ->  [51]  [0.3720, 0.5842]
1595	:	[75, 76]  ->  [51]  [0.3080, 0.7490]
1596	:	[51, 76]  ->  [75]  [0.3080, 0.7418]
1597	:	[51, 75]  ->  [76]  [0.3080, 0.8280]
1598	:	[51]  ->  [76]  [0.4152, 0.7129]
1599	:	[76]  ->  [51]  [0.4152, 0.7066]
1600	:	[76, 71]  ->  [51]  [0.3012, 0.7289]
1601	:	[51, 71]  ->  [76]  [0.3012, 0.7747]
1602	:	[51, 76]  ->  [71]  [0.3012, 0.7254]
1603	:	[51]  ->  [71]  [0.3888, 0.6676]
1604	:	[71]  ->  [51]  [0.3888, 0.6463]
1605	:	[67]  ->  [75]  [0.3548, 0.5734]
1606	:	[75]  ->  [67]  [0.3548, 0.5572]
1607	:	[67]  ->  [76]  [0.3648, 0.5895]
1608	:	[76]  ->  [67]  [0.3648, 0.6208]
1609	:	[67]  ->  [71]  [0.4268, 0.6897]
1610	:	[71]  ->  [67]  [0.4268, 0.7094]
1611	:	[75]  ->  [76]  [0.4112, 0.6457]
1612	:	[76]  ->  [75]  [0.4112, 0.6998]
1613	:	[76, 71]  ->  [75]  [0.3036, 0.7348]
1614	:	[75, 71]  ->  [76]  [0.3036, 0.7737]
1615	:	[75, 76]  ->  [71]  [0.3036, 0.7383]
1616	:	[75]  ->  [71]  [0.3924, 0.6162]
1617	:	[71]  ->  [75]  [0.3924, 0.6523]
1618	:	[76]  ->  [71]  [0.4132, 0.7032]
1619	:	[71]  ->  [76]  [0.4132, 0.6868]
